Atk Average Speed,Vo Average Speed,Atk Entry Time,Atk Exit Time,AtK Sim Time,Vo Entry Time,Vo Exit Time,Vo Sim Time,Attacker Messages,Atk First Msg Time,Atk Last Msg Time,AtK Msg Duration,Total Msg Time < 100,MHID,Less than 100
10.614010695187169,15.056165413533831,901,1087,186,913,1045,132,39,973.000242382587,1011.000238214231,37.999995831644014,8.000005964296975,h0,9
8.609137931034482,16.560166666666667,901,1132,231,913,1032,119,33,967.000244380114,999.000242249755,31.999997869640996,7.999992994400031,h0,9
13.56013605442177,15.231297709923664,901,1047,146,913,1043,130,25,973.000242331404,997.000247200659,24.000004869255008,4.999993992218037,h0,6
11.04661111111111,18.20327272727273,901,1080,179,913,1022,109,30,956.000239326518,985.000238263929,28.999998937410965,6.000011022253034,h0,7
9.611449275362318,14.935864661654136,901,1107,206,913,1045,132,30,987.000246351801,1016.000245183746,28.999998831944936,7.999993005048054,h0,9
11.068333333333335,16.197073170731706,901,1080,179,913,1035,122,31,970.000243382927,1000.000246263608,30.000002880680995,5.9999980483229365,h0,7
5.71,16.429754098360654,901,1249,348,913,1034,121,40,977.000245336501,1016.000245260717,38.9999999242159,8.999996994867956,h0,10
10.604074074074074,19.31922330097088,901,1089,188,913,1015,102,28,960.000242367901,987.000246257055,27.00000388915396,6.999989032639974,h0,8
14.369424460431654,14.599852941176472,901,1039,138,913,1048,135,25,971.000247326622,995.000239185769,23.99999185914703,5.999997966357,h0,7
10.370259067357512,16.700420168067225,901,1093,192,913,1031,118,26,970.000243348446,995.000239199,24.999995850554,5.999997979570935,h0,7
10.589787234042552,9.052863636363636,901,1088,187,913,1132,219,40,991.000236333124,1030.000236235952,38.99999990282788,10.00000098801695,h0,11
12.4189375,14.157021276595744,901,1060,159,913,1053,140,26,968.000235377881,993.000244255331,25.00000887745,5.00000692557694,h0,6
9.796960784313724,15.666484375,901,1104,203,913,1040,127,23,970.00024335217,992.000240230759,21.99999687858906,4.000003031008077,h0,5
10.978516483516485,12.512687500000002,901,1082,181,913,1072,159,23,986.000242376802,1008.000239176694,21.99999679989196,4.999994081685941,h0,6
6.182142857142858,18.98419047619048,901,1222,321,913,1017,104,28,978.000236336589,1005.000240224803,27.000003888214,5.999998024401066,h0,7
6.2915822784810125,13.056052631578948,901,1216,315,913,1064,151,46,990.000245344828,1035.000243244289,44.99999789946105,9.999988051073046,h0,11
13.35771812080537,16.19040650406504,901,1049,148,913,1035,122,24,962.000237314658,985.000238199065,23.000000884407086,5.000007086137998,h0,6
9.894950495049503,12.565283018867923,901,1102,201,913,1071,158,31,990.000245346659,1020.00023523281,29.99998988615107,4.999994055139041,h0,6
10.929398907103824,15.893253968253967,901,1083,182,913,1038,125,25,984.000247308034,1008.00023920532,23.99999189728601,5.000007087890026,h0,6
13.2976,5.958268656716418,901,1050,149,913,1247,334,38,984.000247320706,1021.000239253578,36.99999193287204,7.999992934737975,h0,9
7.391074074074074,17.124957264957267,901,1170,269,913,1029,116,33,972.000238363967,1004.000236208567,31.99999784459999,7.00000195136397,h0,8
7.600305343511449,15.137272727272729,901,1162,261,913,1044,131,35,983.000243347374,1017.000236230949,33.99999288357503,7.999993003448935,h0,9
10.505684210526317,18.52212962962963,901,1090,189,913,1020,107,31,967.000244307108,997.000247178595,30.000002871487027,7.999992986254028,h0,9
14.246214285714288,11.542209302325585,901,1040,139,913,1084,171,34,969.000239325104,1002.00024118035,33.00000185524607,7.999992990861074,h0,9
6.307879746835444,17.214827586206894,901,1216,315,913,1028,115,34,975.000237368943,1008.000239205508,33.00000183656505,8.000005988900966,h0,9
8.404661016949152,17.489912280701752,901,1136,235,913,1026,113,27,980.000244311417,1006.000244227268,25.99999991585105,5.999997949497924,h0,7
9.601009615384616,9.427688679245284,901,1108,207,913,1124,211,45,981.000235365196,1025.000242250075,44.000006884878985,10.000001052276955,h0,11
7.365202952029519,15.90174603174603,901,1171,270,913,1038,125,35,970.000243351696,1004.000236237506,33.99999288581,7.000002045309998,h0,8
11.146927374301676,19.28538461538461,901,1079,178,913,1016,103,27,954.000244334385,980.000244207273,25.999999872888,7.00000201276896,h0,8
6.662608695652174,17.14008620689655,901,1199,298,913,1028,115,35,971.000247363492,1005.000240230748,33.99999286725597,8.000006038158972,h0,9
7.933187250996016,14.864776119402986,901,1151,250,913,1046,133,36,974.000246372669,1009.000243256121,34.99999688345201,7.000001985438985,h0,8
7.85156862745098,14.720441176470588,901,1155,254,913,1048,135,36,961.000246344159,996.000243247981,34.999996903821966,8.999997044737938,h0,10
6.670735785953178,12.212515337423316,901,1199,298,913,1075,162,64,973.000242366215,1036.000247257367,63.00000489115189,14.999994994112058,h0,16
10.30321243523316,15.896,901,1093,192,913,1037,124,35,976.000241360661,1010.000247223093,34.000005862431976,7.000002000810923,h0,8
7.152589928057554,16.232764227642278,901,1178,277,913,1035,122,31,974.000246299116,1004.000236197159,29.99998989804294,7.000002005731972,h0,8
13.534489795918368,7.14810035842294,901,1047,146,913,1191,278,36,972.00023838296,1007.000235215775,34.999996832814986,5.999997983635012,h0,7
6.403846153846154,16.572083333333335,901,1212,311,913,1032,119,34,976.000241372546,1009.000243195656,33.00000182310998,7.000002036744945,h0,8
11.972168674698796,10.417277486910995,901,1066,165,913,1103,190,42,981.000235349185,1022.00024324725,41.00000789806495,10.000001005918987,h0,11
8.820486725663716,15.146641221374049,901,1126,225,913,1043,130,39,980.000244309677,1018.00024026047,37.99999595079305,8.999997044817974,h0,10
10.056231155778894,10.01815,901,1099,198,913,1112,199,33,1004.000236365042,1036.000247252884,32.000010887841995,4.999994000808101,h0,6
11.058232044198895,12.062530120481927,901,1081,180,913,1078,165,26,1000.00024630076,1025.000242223515,24.999995922755037,5.999998012936999,h0,7
9.446682464454977,17.37226086956522,901,1111,210,913,1027,114,32,976.000241374069,1007.000235197254,30.99999382318504,7.000001993527008,h0,8
7.483533834586466,9.569043062200956,901,1166,265,913,1121,208,56,996.000243376754,1051.000242228956,54.999998852202,12.999999978911887,h0,14
7.299377289377289,17.194051724137932,901,1173,272,913,1028,115,34,972.000238329554,1005.000240224783,33.00000189522905,7.000001959749056,h0,8
9.32570093457944,12.4124375,901,1114,213,913,1072,159,37,992.00024037978,1028.000241184216,36.00000080443601,9.000010003539046,h0,10
12.088353658536583,12.99051948051948,901,1064,163,913,1066,153,40,966.000240368991,1005.00024023663,38.99999986763908,8.999996980747937,h0,10
8.294066390041493,14.95375939849624,901,1141,240,913,1045,132,30,981.000235361317,1010.000247238057,29.000011876740015,5.9999980379000135,h0,7
5.771008645533142,16.03344,901,1247,346,913,1037,124,34,984.000247342525,1017.000236194838,32.99998885231298,7.000002006535055,h0,8
12.079277108433734,17.43921052631579,901,1066,165,913,1026,113,31,964.000245344824,994.000235229068,29.999989884244087,7.00000199421595,h0,8
7.175985663082437,17.45359649122807,901,1179,278,913,1026,113,38,967.000244350196,1004.000236221894,36.99999187169806,8.999996963932972,h0,10
10.614010695187169,12.061084337349396,901,1087,186,900,1065,165,42,970.000243371586,1011.000238262387,40.99999489080108,8.999996996933987,h0,10
8.609137931034482,13.256423841059604,901,1132,231,900,1050,150,33,970.000243379651,1002.000241246352,31.999997866700937,6.999989054624052,h0,8
13.56013605442177,16.14887096774194,901,1047,146,900,1023,123,26,959.000238326722,984.000247232478,25.00000890575609,6.000010985040035,h0,7
11.04661111111111,16.14764227642276,901,1080,179,900,1022,122,31,953.00024031037,983.000243221014,30.00000291064396,5.999998008642024,h0,7
9.614202898550724,16.131129032258066,901,1107,206,900,1023,123,34,974.000246332224,1007.00023523693,32.999988904706015,6.000010949215039,h0,7
11.068333333333335,15.753464566929136,901,1080,179,900,1026,126,29,968.000235319945,996.00024322168,28.00000790173499,7.000001961573048,h0,8
5.71,15.37423076923077,901,1249,348,900,1029,129,44,968.00023534814,1011.000238233044,43.000002884904006,10.000000968852987,h0,11
10.604074074074074,16.99871794871795,901,1089,188,900,1016,116,28,960.000242338059,987.000246174375,27.000003836315955,7.000002026719017,h0,8
13.847291666666669,11.48396551724138,901,1044,143,900,1073,173,39,961.000246332457,999.000242227224,37.99999589476704,8.999996943840074,h0,10
10.370259067357512,15.070526315789472,901,1093,192,900,1032,132,27,964.000245306734,990.000245240005,25.999999933271056,5.999997971850007,h0,7
10.589787234042552,14.900820895522388,901,1088,187,900,1033,133,24,974.000246305838,997.000247193161,23.00000088732304,4.000003059896017,h0,5
12.418375,13.636301369863014,901,1060,159,900,1045,145,23,967.000244289521,989.000241172144,21.99999688262301,3.9999900344320167,h0,5
9.79872549019608,17.510526315789477,901,1104,203,900,1013,113,25,958.000247295462,982.0002391905,23.999991895037965,5.000006876039038,h0,6
10.978516483516485,17.663716814159294,901,1082,181,900,1012,112,32,959.000238332267,990.000245242972,31.000006910705,8.00000600746398,h0,9
6.182142857142858,18.35045871559633,901,1222,321,900,1008,108,32,966.000240381875,997.00024726225,31.000006880375054,7.000002006560976,h0,8
6.2915822784810125,12.234969325153372,901,1216,315,900,1062,162,47,987.000246374333,1033.000235263378,45.999988889045085,10.00000096496899,h0,11
13.35771812080537,18.60140186915888,901,1049,148,900,1006,106,25,949.000237373082,973.000242181856,24.000004808774065,5.999998047662984,h0,7
9.894653465346533,12.678037974683544,901,1102,201,900,1057,157,27,993.000244326472,1019.000244198671,25.99999987219905,4.000003010263981,h0,5
10.938688524590162,14.751555555555557,901,1083,182,900,1034,134,29,978.000236361693,1006.00024425126,28.000007889566973,5.999998006221972,h0,7
13.297066666666666,15.20847328244275,901,1050,149,900,1030,130,28,950.000241303677,977.000245255392,27.00000395171503,6.999989000718983,h0,8
7.391074074074074,15.83388888888889,901,1170,269,900,1025,125,32,966.000240341947,997.00024717831,31.000006836363013,6.000010941335063,h0,7
7.600305343511449,13.107368421052632,901,1162,261,900,1051,151,43,977.000245320066,1019.000244229927,41.999998909861006,10.000001010923938,h0,11
10.505631578947368,17.067094017094014,901,1090,189,900,1016,116,30,953.000240302861,982.000239232793,28.99999892993196,7.000002009347895,h0,8
14.256642857142856,10.476335078534031,901,1040,139,900,1090,190,36,965.000236341326,1000.000246207493,35.000009866167034,8.999996985813937,h0,10
6.307879746835444,17.29634782608696,901,1216,315,900,1014,114,39,963.000241317838,1001.000237208404,37.99999589056597,9.000009984612916,h0,10
8.4453164556962,15.911428571428573,901,1137,236,900,1025,125,25,980.000244302814,1004.000236188004,23.99999188518996,4.999994016179016,h0,6
9.601009615384616,13.557346938775511,901,1108,207,900,1046,146,35,979.000240341781,1013.000246174169,34.00000583238796,8.000006046603062,h0,9
7.365202952029519,14.66058823529412,901,1171,270,900,1035,135,37,966.000240367136,1002.000241262127,36.00000089499099,8.000005986056976,h0,9
11.146927374301676,17.13008547008547,901,1079,178,900,1016,116,28,952.000236383369,979.000240243265,27.00000385989597,7.000002012544996,h0,8
6.662608695652174,16.868135593220345,901,1199,298,900,1017,117,37,963.000241339663,999.000242241409,36.00000090174592,7.999992985148083,h0,9
7.933187250996016,13.80006896551724,901,1151,250,900,1044,144,36,969.000239381247,1004.000236249416,34.99999686816909,7.999993011907918,h0,9
7.85156862745098,15.446899224806202,901,1155,254,900,1028,128,35,959.000238285977,993.000244209895,34.00000592391791,8.999996970404027,h0,10
6.670735785953178,11.01510989010989,901,1199,298,900,1081,181,49,992.000240374666,1040.000237258079,47.99999688341313,12.00000900500902,h0,13
10.33119170984456,15.991290322580644,901,1093,192,900,1023,123,32,970.000243354486,1001.000237159208,30.999993804722067,5.999998062477971,h0,7
7.152589928057554,16.309098360655735,901,1178,277,900,1021,121,30,973.00024232468,1002.000241167822,28.999998843141952,7.999992974537008,h0,9
12.830709677419357,9.032805429864252,901,1055,154,900,1120,220,36,971.000247349406,1006.000244205129,34.999996855723,6.999989065967043,h0,8
6.403846153846154,15.308230769230768,901,1212,311,900,1029,129,34,972.000238351812,1005.000240190212,33.00000183840007,7.999992976904082,h0,9
11.972168674698796,6.79716723549488,901,1066,165,900,1192,292,44,978.000236371767,1021.000239247206,43.00000287543901,8.99999700133094,h0,10
8.820486725663716,15.97088,901,1126,225,900,1024,124,41,970.000243374461,1010.000247210172,40.00000383571103,8.999996964567003,h0,10
10.056231155778894,13.570000000000002,901,1099,198,900,1046,146,31,970.000243345118,1000.000246197968,30.00000285285,7.000002078650027,h0,8
11.058232044198895,12.612658227848096,901,1081,180,900,1057,157,32,984.000247348623,1015.000241236152,30.999993887528944,5.99999799600505,h0,7
9.44696682464455,11.92748502994012,901,1111,210,900,1066,166,31,1007.000235316699,1037.000238248268,30.000002931569043,5.999997968201001,h0,7
7.483533834586466,8.723799126637555,901,1166,265,900,1128,228,56,993.000244372269,1048.00024325051,54.99999887824106,13.00000002213494,h0,14
7.299377289377289,14.438623188405796,901,1173,272,900,1037,137,35,974.00024637039,1008.00023918591,33.999992815520045,7.000002016523013,h0,8
9.32570093457944,17.184224137931036,901,1114,213,900,1015,115,28,967.000244345469,994.000235189572,26.999990844102967,5.999997997340984,h0,7
12.088353658536583,19.429514563106792,901,1064,163,900,1002,102,25,947.000242346375,971.000247241324,24.00000489494903,5.999997994942987,h0,7
8.292489626556018,15.495038759689924,901,1141,240,900,1028,128,39,965.000236317938,1003.000245217236,38.00000889929811,10.999991981768062,h0,12
5.771008645533142,16.759075630252095,901,1247,346,900,1018,118,33,974.000246380746,1006.000244255443,31.999997874696987,5.999998056033974,h0,7
12.079277108433734,16.360901639344263,901,1066,165,900,1021,121,28,963.00024133207,990.000245224194,27.000003892124028,5.999998039646016,h0,7
7.175985663082437,19.78970297029703,901,1179,278,900,1000,100,31,957.000243295206,987.000246213207,30.000002918000973,7.000002048488909,h0,8
6.942648083623693,16.95495726495726,901,1187,286,892,1008,116,33,959.000238365533,991.000236234577,31.99999786904391,7.000001928022016,h0,8
11.82779761904762,14.503550724637682,901,1068,167,892,1029,137,31,960.000242311176,990.000245234393,30.00000292321704,6.999988934039948,h0,8
12.67113924050633,17.90441441441441,901,1058,157,892,1002,110,25,949.000237331841,973.000242179343,24.00000484750194,5.000006941183983,h0,6
11.04661111111111,15.653700787401576,901,1080,179,892,1018,126,31,951.000245339941,981.000235188901,29.999989848960013,7.000002021571049,h0,8
10.804945652173911,18.872547169811323,901,1084,183,892,997,105,25,957.00024336556,981.000235237223,23.99999187166304,5.00000693336699,h0,6
11.056722222222222,17.55203539823009,901,1080,179,892,1004,112,28,952.00023627603,979.000240205654,27.00000392962397,6.99998898073693,h0,8
7.566641509433961,14.373453237410072,901,1165,264,892,1030,138,31,968.000235360739,998.000238232838,30.000002872099003,7.000002028236054,h0,8
8.735833333333334,17.035384615384615,901,1128,227,892,1008,116,28,955.000235385845,982.000239256681,27.00000387083594,5.000006995222975,h0,6
13.702397260273973,15.544687499999998,901,1046,145,892,1019,127,25,966.000240380474,990.00024518555,24.00000480507606,4.000002984894991,h0,5
11.04888888888889,17.18905172413793,901,1080,179,892,1007,115,26,951.000245369677,976.000241261739,24.99999589206197,4.999994050320993,h0,6
7.011473684210526,16.128870967741936,901,1185,284,892,1015,123,29,958.000247379479,986.000242252279,27.999994872800016,5.999997980796934,h0,7
12.613291139240507,13.453175675675675,901,1058,157,892,1039,147,25,962.000237364219,986.000242267002,24.00000490278308,4.999994012512957,h0,6
11.666023391812864,16.528347107438016,901,1071,170,892,1012,120,25,952.00023628268,976.000241203147,24.00000492046695,5.9999979408810304,h0,7
12.660700636942677,15.794488188976375,901,1057,156,892,1018,126,26,955.000235326845,980.000244194388,25.000008867542988,4.000003007787996,h0,5
13.313866666666666,17.242155172413792,901,1050,149,892,1007,115,25,953.000240302837,977.00024526127,24.00000495843301,5.000006926162996,h0,6
12.151030303030302,11.957771084337349,901,1065,164,892,1057,165,42,970.000243350048,1011.000238200526,40.99999485047806,10.000000999178042,h0,11
13.004415584415584,17.47438596491228,901,1054,153,892,1005,113,26,950.000241359545,975.000237247376,24.999995887831005,5.99999798753197,h0,7
8.01710843373494,13.445878378378376,901,1149,248,892,1039,147,34,987.000246362577,1020.000235243853,32.99998888127607,7.999993026735069,h0,9
8.678739130434781,12.88961038961039,901,1130,229,892,1045,153,51,968.000235352193,1018.000240198061,50.00000484586792,14.000003998211923,h0,15
13.311133333333334,16.899745762711863,901,1050,149,892,1009,117,25,943.000239278237,967.000244239811,24.00000496157395,6.000010982559957,h0,7
9.98525,15.88168,901,1100,199,892,1016,124,33,957.000243356619,989.00024121197,31.99999785535101,8.000006063288993,h0,9
7.934246031746031,16.189024390243897,901,1152,251,892,1014,122,23,969.000239331533,991.000236196178,21.999996864645027,4.000002968962008,h0,5
10.50557894736842,14.417841726618706,901,1090,189,892,1030,138,29,967.000244322732,995.000239212874,27.999994890142037,6.000010938347941,h0,7
13.461418918918918,9.54942307692308,901,1048,147,892,1099,207,36,967.0002443235,1002.000241236479,34.999996912978986,8.999997016082034,h0,10
6.302468354430379,15.774920634920637,901,1216,315,892,1017,125,44,961.000246362193,1004.000236244483,42.99998988228992,10.000001029236046,h0,11
7.837905138339921,14.994285714285716,901,1153,252,892,1024,132,43,962.000237339869,1004.00023624414,41.99999890427091,11.99999596129203,h0,13
6.930209059233449,13.309666666666663,901,1187,286,892,1041,149,41,974.000246355965,1014.000237260449,39.99999090448398,8.999997003455974,h0,10
12.421875,14.79955223880597,901,1060,159,892,1025,133,28,953.000240356871,980.000244197511,27.000003840640037,5.999997989159056,h0,7
10.487263157894736,16.15,901,1090,189,892,1014,122,23,961.000246284467,983.000243201378,21.99999691691096,5.000006952761964,h0,6
9.342803738317755,16.555166666666665,901,1114,213,892,1011,119,30,958.000247359792,987.000246250581,28.999998890789016,7.000001998403036,h0,8
8.05582995951417,15.087651515151515,901,1147,246,892,1023,131,31,961.000246366693,991.000236197349,29.999989830655977,5.999998017577923,h0,7
8.150408163265306,13.05392156862745,901,1145,244,892,1044,152,40,949.000237339734,988.000237217389,38.999999877655,8.999997039465029,h0,10
6.670735785953178,11.182402234636871,901,1199,298,892,1070,178,64,969.000239378646,1032.000244249062,63.00000487041598,15.999998978159963,h0,17
13.250397350993378,15.246106870229008,901,1051,150,892,1022,130,29,960.000242365408,988.000237211601,27.999994846192976,7.000002048028023,h0,8
7.495751879699248,16.978119658119656,901,1166,265,892,1008,116,36,958.000247383694,993.000244239243,34.99999685554894,7.000001954269919,h0,8
13.39722972972973,17.65035398230088,901,1048,147,892,1004,112,24,949.000237304307,972.000238254309,23.000000950002004,4.000002950568955,h0,5
6.403846153846154,13.713379310344829,901,1212,311,892,1036,144,31,977.000245322259,1007.000235208244,29.999989885984974,7.00000197220902,h0,8
9.58641148325359,6.357923322683707,901,1109,208,892,1204,312,49,1007.000235367453,1055.000245262014,48.000009894561,10.000000950238928,h0,11
7.804396887159533,16.68966386554622,901,1157,256,892,1010,118,33,962.000237344947,994.000235257453,31.999997912506046,7.000002056456083,h0,8
10.056231155778894,14.780074074074074,901,1099,198,892,1026,134,33,956.000239350089,988.000237216954,31.999997866864987,7.000001937675961,h0,8
11.061712707182322,12.217546012269938,901,1081,180,892,1054,162,32,982.000239372937,1013.000246190675,31.00000681773804,7.00000200005104,h0,8
9.102100456621006,17.570263157894736,901,1119,218,892,1005,113,34,960.000242350199,993.000244197136,33.00000184693704,7.000002018460009,h0,8
7.848023715415019,13.075228758169931,901,1153,252,892,1044,152,32,979.000240374307,1010.000247195502,31.00000682119492,4.999994022169972,h0,6
10.715240641711231,16.387213114754097,901,1087,186,892,1013,121,29,956.000239344471,984.000247191968,28.000007847497045,6.000011019609019,h0,7
9.019592760180997,17.984054054054052,901,1121,220,892,1002,110,24,950.000241364711,973.000242226263,23.000000861552053,4.999994079362978,h0,6
11.49183908045977,17.560877192982456,901,1074,173,892,1005,113,22,955.000235285752,976.00024121627,21.000005930518,4.999993954633965,h0,6
8.846194690265488,15.267153846153846,901,1126,225,892,1021,129,33,963.000241369125,995.000239222124,31.99999785299906,8.000006008679975,h0,9
5.771008645533142,18.360091743119263,901,1247,346,892,1000,108,32,960.000242288878,991.000236223047,30.99999393416897,7.999992975999021,h0,9
12.077650602409635,21.07787234042553,901,1066,165,892,985,93,23,947.00024236492,969.000239235906,21.99999687098591,4.999994029104983,h0,6
6.912152777777777,18.736132075471694,901,1188,287,892,997,105,32,953.000240313361,984.00024722762,31.00000691425896,7.000002045831934,h0,8
10.713903743315509,16.46603305785124,901,1087,186,887,1007,120,29,957.000243313996,985.000238216347,27.99999490235109,7.000001950658998,h0,8
11.72329411764706,13.170066225165565,901,1070,169,887,1037,150,33,968.00023532827,1000.000246240036,32.00001091176591,8.00000599098405,h0,9
13.858958333333334,14.59087591240876,901,1044,143,887,1023,136,29,949.000237365059,977.000245239069,28.000007874010063,5.000006998070035,h0,6
10.759891891891892,16.82949579831933,901,1085,184,887,1005,118,26,946.000238329316,971.000247195119,25.00000886580301,5.999997966546061,h0,7
7.870708661417322,13.004575163398693,901,1154,253,887,1039,152,38,979.000240361194,1016.000245180681,37.000004819487,8.999997019041984,h0,10
11.218474576271188,16.663,901,1077,176,887,1006,119,27,954.000244322955,980.000244204026,25.99999988107095,5.000007012953006,h0,6
5.71,15.510852713178297,901,1249,348,887,1015,128,37,965.000236351276,1001.000237207646,36.00000085636998,8.999996998977053,h0,10
8.431308016877638,19.925600000000003,901,1137,236,887,986,99,25,946.000238263838,970.000243179147,24.000004915308978,6.000010996778087,h0,7
12.455652173913045,14.925263157894737,901,1061,160,887,1019,132,24,971.000247355311,994.000235161808,22.99998780649696,4.000002920455927,h0,5
12.582151898734176,17.018119658119662,901,1058,157,887,1003,116,23,949.000237272447,971.000247204304,22.000009931856997,4.999994040670003,h0,6
8.892901785714285,14.42768115942029,901,1124,223,887,1024,137,27,967.000244337546,993.000244163134,25.99999982558802,7.000002025715048,h0,8
12.21073619631902,13.108881578947368,901,1063,162,887,1038,151,33,970.00024331225,1002.000241215729,31.999997903479084,8.999996966373942,h0,10
11.826390532544378,16.175447154471545,901,1069,168,887,1009,122,27,951.000245285428,977.000245246756,25.999999961327944,5.99999795612905,h0,7
11.009723756906077,17.716696428571428,901,1081,180,887,998,111,33,948.000246293813,980.000244255131,31.999997961317945,5.999998029274934,h0,7
12.98359477124183,18.128,901,1053,152,887,996,109,23,950.000241348791,972.000238158771,21.999996809980075,4.999993981079001,h0,6
10.546772486772486,12.356913580246912,901,1089,188,887,1048,161,41,975.000237384099,1015.000241224927,40.00000384082796,8.999996952418996,h0,10
13.913333333333334,16.713025210084034,901,1044,143,887,1005,118,23,954.000244299349,976.000241169302,21.999996869952952,4.99999394692793,h0,6
8.060685483870968,17.133247863247863,901,1148,247,887,1003,116,36,955.000235383846,990.000245196513,35.00000981266703,8.999997024179038,h0,10
8.635560344827587,14.484130434782609,901,1132,231,887,1024,137,41,967.000244355563,1007.000235192115,39.999990836552,10.000000978914954,h0,11
14.64,16.231544715447153,901,1036,135,887,1009,122,25,944.000243302614,968.000235204968,23.99999190235405,5.999998008129978,h0,7
9.714634146341464,15.042651515151514,901,1105,204,887,1018,131,36,962.00023735684,997.000247211104,35.00000985426402,7.000002009339028,h0,8
6.132453987730061,15.97144,901,1226,325,887,1011,124,33,963.000241352407,995.000239222895,31.99999787048796,7.0000019450579885,h0,8
14.630808823529412,15.555546875,901,1036,135,887,1014,127,24,943.000239382154,966.000240193185,23.0000008110311,5.000007022902992,h0,6
14.128226950354607,9.799411764705882,901,1041,140,887,1090,203,35,964.000245353062,998.000238219652,33.99999286658999,8.000005943145993,h0,9
7.681576923076923,14.979626865671642,901,1160,259,887,1020,133,37,964.000245318045,1000.000246182344,36.000000864298954,10.000000962174909,h0,11
13.880489510489507,15.466589147286822,901,1043,142,887,1015,128,30,953.000240377789,982.000239239005,28.999998861216,5.999997961329996,h0,7
6.856986301369862,9.004117647058823,901,1192,291,887,1107,220,44,1003.000245358351,1046.000235213219,42.99998985486798,10.999991998002884,h0,12
11.773411764705882,14.397028985507246,901,1070,169,887,1024,137,29,953.000240325817,981.000235210267,27.99999488444996,5.999997933869963,h0,7
10.14591836734694,15.395891472868216,901,1096,195,887,1015,128,28,953.000240283197,980.000244196187,27.00000391299011,7.000002023807952,h0,8
8.763215859030836,15.90552,901,1127,226,887,1011,124,29,958.0002473499,986.000242201408,27.999994851508063,5.999997984216975,h0,7
12.36136645962733,13.606301369863012,901,1061,160,887,1032,145,26,965.000236334252,990.000245193459,25.00000885920701,5.999998026664912,h0,7
7.853960784313727,17.75330357142857,901,1155,254,887,998,111,29,950.000241372446,978.000236195189,27.99999482274302,4.000003026553031,h0,5
6.672766666666666,8.761885964912281,901,1200,299,887,1114,227,66,969.000239353475,1034.00023922768,64.99999987420495,15.999998996107024,h0,17
13.186381578947367,14.81492537313433,901,1052,151,887,1020,133,29,962.000237354966,990.000245223203,28.00000786823705,4.999993978461021,h0,6
8.179549180327866,16.601416666666665,901,1144,243,887,1006,119,33,960.000242342957,992.000240241098,31.999997898141032,7.000002026356924,h0,8
7.900355731225296,17.106752136752135,901,1153,252,887,1003,116,30,957.000243334263,986.000242189029,28.999998854765977,7.0000019811499214,h0,8
6.488175895765472,15.52015625,901,1207,306,887,1014,127,46,951.000245376697,996.000243253638,44.99999787694105,8.999996998525944,h0,10
11.099664804469272,8.916995515695069,901,1079,178,887,1109,222,41,987.00024632845,1027.000237261699,39.99999093324914,7.999993009641912,h0,9
7.650881226053639,17.479824561403507,901,1161,260,887,1000,113,30,959.000238326119,988.000237236633,28.999998910514023,4.999993921823034,h0,6
13.490340136054424,14.188857142857144,901,1047,146,887,1026,139,28,956.000239287764,983.000243219381,27.000003931617016,5.999997985584969,h0,7
11.054917127071825,8.783171806167402,901,1081,180,887,1113,226,34,980.00024438049,1013.000246218717,33.000001838227035,6.0000109916770725,h0,7
9.223287037037036,16.828403361344538,901,1116,215,887,1005,118,35,959.000238354626,993.00024419578,34.00000584115401,7.000002024371042,h0,8
6.225,12.759166666666667,901,1220,319,887,1042,155,25,990.000245298097,1014.000237185948,23.999991887851024,4.999993986329969,h0,6
9.07009090909091,15.544843749999998,901,1120,219,887,1014,127,34,963.000241323536,996.000243262419,33.000001938882974,9.000010017594946,h0,10
9.328084112149533,15.66464566929134,901,1114,213,887,1013,126,28,965.000236338448,992.000240161287,27.000003822839066,5.999998007240947,h0,7
12.658853503184714,17.516403508771926,901,1057,156,887,1000,113,22,953.000240349133,974.000246192202,21.000005843068948,4.000002974880999,h0,5
10.14020304568528,14.689555555555556,901,1097,196,887,1021,134,40,956.000239340726,995.000239180754,38.999999840027954,10.00000095646294,h0,11
6.2587106918239,17.673539823008852,901,1218,317,887,999,112,32,959.000238290962,990.000245230597,31.000006939635,7.999992994253034,h0,9
13.460270270270268,16.217560975609757,901,1048,147,887,1009,122,23,951.000245315727,973.000242203377,21.9999968876499,4.999994036320004,h0,6
6.780881355932203,18.363333333333337,901,1195,294,887,994,107,33,951.000245332883,983.000243245277,31.999997912394065,7.000001995936941,h0,8
6.942648083623693,17.028119658119657,901,1187,286,891,1007,116,33,958.000247367304,990.000245239046,31.999997871741925,6.999988921277009,h0,8
11.82779761904762,15.056287878787876,901,1068,167,891,1022,131,30,960.000242312366,989.000241182046,28.999998869679985,6.999988929360029,h0,8
12.67113924050633,18.07063636363636,901,1058,157,891,1000,109,25,946.000238353959,970.000243237479,24.000004883519978,5.000007007750014,h0,6
11.04661111111111,15.903809523809525,901,1080,179,891,1016,125,32,950.000241358564,981.000235260376,30.99999390181199,7.000001979140961,h0,8
10.804945652173911,18.502685185185182,901,1084,183,891,998,107,25,957.000243364835,981.000235228837,23.999991864002027,5.000006935352985,h0,6
11.056722222222222,11.99512048192771,901,1080,179,891,1056,165,31,987.000246379292,1017.000236202358,29.999989823066016,4.999993943358959,h0,6
7.566641509433961,15.406434108527131,901,1165,264,891,1019,128,27,969.000239377657,995.00023923677,25.999999859113014,4.999993997143974,h0,6
8.735833333333334,16.87559322033898,901,1128,227,891,1008,117,26,956.000239283553,981.000235180206,24.99999589665299,5.000006991755072,h0,6
13.702397260273973,15.388837209302324,901,1046,145,891,1019,128,25,966.000240381888,990.000245172245,24.00000479035691,4.000002969338993,h0,5
11.04888888888889,13.869166666666668,901,1080,179,891,1034,143,21,958.000247281177,978.000236256482,19.999988975304973,4.0000030973609455,h0,5
7.011473684210526,14.503405797101449,901,1185,284,891,1028,137,28,970.000243318265,997.000247234735,27.00000391646995,6.0000109920960085,h0,7
12.613291139240507,13.35228187919463,901,1058,157,891,1039,148,25,962.000237364584,986.000242267092,24.000004902507957,4.999994011552985,h0,6
11.666023391812864,16.393524590163935,901,1071,170,891,1012,121,25,952.00023628184,976.00024120505,24.000004923209985,5.999997941084985,h0,7
12.660700636942677,16.31658536585366,901,1057,156,891,1013,122,26,955.000235319123,980.000244206657,25.000008887534023,5.000006910760021,h0,6
13.313866666666666,18.595420560747662,901,1050,149,891,997,106,25,946.000238358191,970.00024321501,24.00000485681892,4.999994018799953,h0,6
12.151030303030302,11.067292817679558,901,1065,164,891,1071,180,42,978.000236373833,1019.000244193123,41.000007819289976,10.00000095547898,h0,11
13.004415584415584,17.34582608695652,901,1054,153,891,1005,114,26,950.000241355732,975.000237249922,24.999995894189965,5.9999979883920105,h0,7
8.01710843373494,13.31979865771812,901,1149,248,891,1039,148,34,987.000246366786,1020.000235241728,32.999988874942005,7.999993022868921,h0,9
8.678739130434781,14.773777777777775,901,1130,229,891,1025,134,39,970.000243355837,1008.000239193069,37.99999583723195,9.999987965706056,h0,11
13.311133333333334,16.805714285714288,901,1050,149,891,1009,118,25,943.000239278913,967.000244234591,24.00000495567804,6.000010980768934,h0,7
9.98525,15.75730158730159,901,1100,199,891,1016,125,33,957.000243356363,989.000241210629,31.9999978542661,8.000006063270916,h0,9
7.934246031746031,10.94912087912088,901,1152,251,891,1072,181,35,979.000240361843,1013.000246254251,34.00000589240801,7.000001966111995,h0,8
10.50557894736842,14.133120567375888,901,1090,189,891,1031,140,30,967.000244329753,996.000243247773,28.999998918020083,7.000002014645929,h0,8
13.461418918918918,9.288130841121497,901,1048,147,891,1104,213,35,970.00024334458,1004.000236203666,33.99999285908598,8.99999699227692,h0,10
6.302468354430379,15.05406015037594,901,1216,315,891,1023,132,43,961.000246362246,1003.000245203507,41.99999884126101,10.00000102637705,h0,11
7.837905138339921,15.63488188976378,901,1153,252,891,1017,126,36,962.000237333641,997.000247235528,35.00000990188698,7.000002001528969,h0,8
6.930209059233449,11.01403314917127,901,1187,286,891,1071,180,45,995.000239359526,1039.000246245246,44.00000688572004,13.000000055012949,h0,14
12.421875,14.977443609022556,901,1060,159,891,1023,132,29,952.000236370666,980.00024426476,28.000007894093983,5.999997963241981,h0,7
10.487263157894736,16.37327868852459,901,1090,189,891,1012,121,24,958.000247357656,981.000235165524,22.999987807868024,4.000002987380981,h0,5
9.342803738317755,16.459338842975207,901,1114,213,891,1011,120,30,958.000247359499,987.000246251256,28.99999889175706,5.999998085935999,h0,7
8.05582995951417,10.39296875,901,1147,246,891,1082,191,39,975.000237355456,1013.000246256712,38.00000890125602,8.000006010871061,h0,9
8.150408163265306,12.964090909090912,901,1145,244,891,1044,153,40,949.000237338211,988.00023721867,38.99999988045897,8.999997038206061,h0,10
6.670735785953178,8.64895652173913,901,1199,298,891,1120,229,66,970.000243352481,1035.000243227205,64.99999987472393,15.999999000453954,h0,17
13.250397350993378,9.53341346153846,901,1051,150,891,1098,207,33,962.000237326053,994.000235226022,31.999997899969003,8.000006048830983,h0,9
7.495751879699248,17.006923076923076,901,1166,265,891,1007,116,36,957.000243379748,992.000240237205,34.99999685745706,6.999988933774034,h0,8
13.39722972972973,16.98521367521367,901,1048,147,891,1007,116,26,946.000238385683,971.0002471876,25.000008801917037,4.999993997936031,h0,6
6.403846153846154,15.868968253968252,901,1212,311,891,1016,125,30,970.000243318323,999.000242206621,28.999998888298023,5.999998010758077,h0,7
9.58641148325359,6.343152866242038,901,1109,208,891,1204,313,49,1007.000235368304,1055.000245262528,48.00000989422415,10.000000950221876,h0,11
7.804396887159533,16.25967479674797,901,1157,256,891,1013,122,34,963.000241350318,996.00024324293,33.00000189261198,7.000002026003017,h0,8
10.056231155778894,14.64095588235294,901,1099,198,891,1026,135,33,956.000239349665,988.000237216985,31.99999786732008,7.000001938494052,h0,8
11.061712707182322,12.274601226993866,901,1081,180,891,1053,162,32,982.000239313387,1013.000246254201,31.00000694081393,5.999998035141971,h0,7
9.102100456621006,17.420782608695653,901,1119,218,891,1005,114,34,960.000242346909,993.000244195695,33.00000184878604,7.00000203246293,h0,8
7.848023715415019,12.99077922077922,901,1153,252,891,1044,153,33,979.000240374835,1011.00023824493,31.999997870094944,5.99999801845297,h0,7
10.715240641711231,16.071290322580648,901,1087,186,891,1014,123,30,957.000243350355,986.000242252833,28.999998902477955,4.999994013129935,h0,6
9.019592760180997,17.834374999999998,901,1121,220,891,1002,111,24,950.000241361665,973.000242224043,23.000000862377988,4.999994073028006,h0,6
11.49183908045977,18.02581818181818,901,1074,173,891,1000,109,22,955.000235377008,976.000241225516,21.000005848507957,4.99999400725801,h0,6
8.846194690265488,14.96421052631579,901,1126,225,891,1023,132,41,956.000239335079,996.00024321922,40.00000388414105,10.00000101504304,h0,11
5.771008645533142,13.811862068965516,901,1247,346,891,1035,144,40,977.000245348049,1016.000245218711,38.99999987066201,7.000002001453026,h0,8
12.077650602409635,19.10647619047619,901,1066,165,891,995,104,25,950.000241378573,974.0002462302,24.000004851626954,4.999993906051032,h0,6
6.912152777777777,18.576542056074768,901,1188,287,891,997,106,32,953.000240317173,984.000247230929,31.000006913755897,7.000002039740934,h0,8
10.614010695187169,12.146363636363636,901,1087,186,901,1065,164,42,970.000243371919,1011.00023826211,40.99999489019092,8.999996998141,h0,10
8.609137931034482,14.965563909774437,901,1132,231,901,1033,132,33,968.000235379305,1000.000246238442,32.00001085913698,8.000005995962056,h0,9
13.56013605442177,14.655367647058824,901,1047,146,901,1036,135,31,957.000243376631,987.000246239369,30.000002862737915,7.000002031938038,h0,8
11.04661111111111,16.274590163934423,901,1080,179,901,1022,121,31,953.000240309852,983.000243222674,30.000002912822083,5.999998010478066,h0,7
9.611449275362318,15.655234375,901,1107,206,901,1028,127,35,974.000246333709,1008.000239188062,33.99999285435297,7.0000020113150185,h0,8
11.068333333333335,15.884047619047616,901,1080,179,901,1026,125,29,968.000235320017,996.000243213553,28.00000789353589,7.000001963499017,h0,8
5.71,15.539767441860466,901,1249,348,901,1029,128,36,973.000242333468,1008.000239220623,34.99999688715502,8.000006002338978,h0,9
10.604074074074074,17.476491228070174,901,1089,188,901,1014,113,28,959.000238368153,986.000242231988,27.00000386383499,7.000002026165021,h0,8
14.369424460431654,11.507167630057804,901,1039,138,901,1073,172,39,961.00024633225,999.00024222588,37.99999589363006,8.999996944835061,h0,10
10.370259067357512,16.296311475409837,901,1093,192,901,1022,121,28,956.000239306139,983.00024320266,27.000003896521093,6.000010962877013,h0,7
10.589787234042552,15.25702290076336,901,1088,187,901,1031,130,25,975.000237380885,999.000242190025,24.000004809140023,5.000007019879945,h0,6
12.4189375,13.884685314685314,901,1060,159,901,1043,142,24,966.000240326312,989.000241263173,23.000000936861056,4.000002954231945,h0,5
9.796960784313724,17.704513274336282,901,1104,203,901,1013,112,26,957.000243384689,982.000239203028,24.999995818338903,5.000006892636975,h0,6
10.978516483516485,15.342153846153847,901,1082,181,901,1030,129,37,960.000242332718,996.000243223808,36.00000089108994,8.999996976734906,h0,10
6.182142857142858,18.749345794392525,901,1222,321,901,1007,106,31,965.000236376601,995.000239177595,30.00000280099391,7.000002010660978,h0,8
6.2915822784810125,10.016381909547738,901,1216,315,901,1099,198,64,990.000245369512,1053.00023725299,62.99999188347806,14.999995005449025,h0,16
13.35771812080537,16.3999173553719,901,1049,148,901,1021,120,28,955.000235343773,982.00023926513,27.000003921356893,6.000010952908951,h0,7
9.894950495049503,12.68152866242038,901,1102,201,901,1057,156,27,993.000244325693,1019.000244197653,25.999999871960085,4.000003012001002,h0,5
10.929398907103824,14.864850746268656,901,1083,182,901,1034,133,28,979.000240358478,1006.000244253228,27.00000389474997,5.999998082936031,h0,7
13.2976,15.326230769230772,901,1050,149,901,1030,129,28,950.000241302273,977.000245252041,27.00000394976803,6.999988991639043,h0,8
7.391074074074074,16.688583333333334,901,1170,269,901,1020,119,33,966.000240374352,998.000238205521,31.999997831169026,5.999997940370918,h0,7
7.600305343511449,12.855705128205129,901,1162,261,901,1056,155,43,977.000245314728,1019.000244230007,41.99999891527898,10.000001020956006,h0,11
10.505684210526317,16.680084033613447,901,1090,189,901,1019,118,30,954.000244302889,983.000243224845,28.999998921956035,7.000002008365982,h0,8
14.246214285714288,10.643351063829789,901,1040,139,901,1088,187,36,965.00023634087,1000.000246207949,35.00000986707903,8.999996986466954,h0,10
6.307879746835444,13.536122448979592,901,1216,315,901,1047,146,46,975.00023734295,1020.000235197165,44.99999785421505,12.000009011736095,h0,13
8.404661016949152,16.39188524590164,901,1136,235,901,1022,121,36,967.00024434373,1002.000241218964,34.99999687523405,7.000001973350095,h0,8
9.601009615384616,12.201963190184047,901,1108,207,901,1063,162,44,980.000244357144,1023.000247194435,43.00000283729105,10.00000102351703,h0,11
7.365202952029519,13.45536912751678,901,1171,270,901,1049,148,43,967.000244358704,1009.000243218434,41.99999885973,10.99999200768093,h0,12
11.146927374301676,17.28189655172414,901,1079,178,901,1016,115,28,952.000236383562,979.000240250003,27.000003866441038,7.000002017242991,h0,8
6.662608695652174,14.570510948905111,901,1199,298,901,1037,136,41,964.000245341255,1004.00023622355,39.99999088229504,8.000006003754947,h0,9
7.933187250996016,13.894615384615385,901,1151,250,901,1043,142,36,969.000239376796,1004.000236254377,34.999996877581,7.999993022393028,h0,9
7.85156862745098,13.677586206896551,901,1155,254,901,1045,144,38,971.000247360973,1008.000239256741,36.99999189576795,8.000005956488053,h0,9
6.670735785953178,8.521191489361701,901,1199,298,901,1135,234,63,982.000239341014,1044.000240261316,62.000000920302114,15.000007986956009,h0,16
10.30321243523316,16.306475409836068,901,1093,192,901,1022,121,32,970.000243354303,1001.000237193815,30.999993839511944,4.999993963915017,h0,6
7.152589928057554,14.776444444444444,901,1178,277,901,1035,134,31,974.000246299951,1004.000236191944,29.999989891993096,7.000002001056032,h0,8
13.534489795918368,8.791973684210525,901,1047,146,901,1128,227,36,971.000247352341,1006.000244251262,34.99999689892093,5.999998006238002,h0,7
6.403846153846154,15.337307692307691,901,1212,311,901,1030,129,35,973.000242351594,1007.00023526118,33.99999290958601,7.999992975711052,h0,9
11.972168674698796,11.302272727272728,901,1066,165,901,1076,175,41,978.000236335942,1018.000240215421,40.00000387947898,8.999996980938022,h0,10
8.820486725663716,13.670616438356166,901,1126,225,901,1046,145,51,970.000243368897,1020.000235249535,49.999991880637936,10.00000096207691,h0,11
10.056231155778894,13.655753424657536,901,1099,198,901,1046,145,31,970.000243357509,1000.000246192574,30.000002835064947,7.000002067471996,h0,8
11.058232044198895,9.188853211009176,901,1081,180,901,1118,217,34,982.000239351834,1015.000241251123,33.00000189928903,7.00000201290004,h0,8
9.446682464454977,13.157894736842104,901,1111,210,901,1052,151,28,1006.000244339608,1033.000235245644,26.999990906036032,5.000007026680919,h0,6
7.483533834586466,9.18778801843318,901,1166,265,901,1117,216,56,993.000244373201,1048.000243249784,54.99999887658305,13.000000020567882,h0,14
7.299377289377289,13.123552631578947,901,1173,272,901,1052,151,44,980.000244379112,1023.000247180715,43.00000280160293,10.000000980482014,h0,11
9.32570093457944,17.864285714285717,901,1114,213,901,1012,111,26,966.00024034091,991.000236182358,24.999995841448023,5.999998018417955,h0,7
12.088353658536583,19.638415841584163,901,1064,163,901,1001,100,25,947.000242344776,971.000247244448,24.000004899672035,5.99999799985892,h0,7
8.294066390041493,16.170645161290324,901,1141,240,901,1024,123,39,964.000245308294,1002.000241228338,37.99999592004406,11.000005007789014,h0,12
5.771008645533142,15.638818897637796,901,1247,346,901,1027,126,34,979.000240361022,1012.000242206972,33.00000184595001,7.000002042871984,h0,8
12.079277108433734,19.607549019607845,901,1066,165,901,1002,101,25,952.000236303442,976.000241178522,24.00000487507998,5.000007022293062,h0,6
7.175985663082437,16.5885,901,1179,278,901,1020,119,38,962.000237350121,999.000242222698,37.00000487257705,8.999996987026066,h0,10
10.614010695187169,15.199312977099236,901,1087,186,908,1038,130,34,971.000247375818,1004.000236215781,32.99998883996295,7.999993001366988,h0,9
8.609137931034482,15.779841269841272,901,1132,231,908,1033,125,32,965.00023631727,996.000243222777,31.000006905507007,7.00000205440108,h0,8
13.56013605442177,15.533023255813957,901,1047,146,908,1036,128,31,957.000243374394,987.000246239398,30.000002865004035,7.000002029714096,h0,8
11.04661111111111,16.772941176470585,901,1080,179,908,1026,118,30,956.000239332443,985.000238186539,28.99999885409602,7.000002036893989,h0,8
9.611449275362318,15.119242424242422,901,1107,206,908,1039,131,33,981.000235337032,1013.000246266237,32.00001092920502,7.000002006104978,h0,8
11.068333333333335,15.730393700787404,901,1080,179,908,1034,126,30,970.000243311243,999.000242258175,28.99999894693201,5.99999803454898,h0,7
5.71,16.029435483870966,901,1249,348,908,1031,123,43,971.000247383346,1013.000246215579,41.999998832232905,8.999997027512109,h0,10
10.604074074074074,18.63803738317757,901,1089,188,908,1014,106,27,959.0002383674,985.000238155047,25.99999978764697,7.000002043092991,h0,8
14.369424460431654,14.2873381294964,901,1039,138,908,1046,138,32,961.000246340499,992.000240234555,30.999993894056047,7.000001944828,h0,8
10.370259067357512,16.963305084745762,901,1093,192,908,1025,117,28,959.000238331591,986.000242199801,27.00000386821,5.9999980929779895,h0,7
10.589787234042552,15.290769230769232,901,1088,187,908,1037,129,24,974.000246303747,997.000247185913,23.00000088216609,4.000002971945037,h0,5
12.4189375,12.988766233766231,901,1060,159,908,1061,153,25,968.000235311496,992.00024022665,24.000004915154022,5.000007065102977,h0,6
9.796960784313724,13.074771241830064,901,1104,203,908,1060,152,22,972.000238294561,993.0002441675,21.000005872939028,4.9999940247580525,h0,6
10.978516483516485,18.43305555555556,901,1082,181,908,1015,107,30,962.000237332006,991.000236188613,28.99999885660702,7.000002059702979,h0,8
6.182142857142858,15.000526315789472,901,1222,321,908,1040,132,36,984.000247372614,1019.000244252872,34.99999688025798,7.00000198182704,h0,8
6.2915822784810125,12.238527607361965,901,1216,315,908,1070,162,47,991.000236351016,1037.000238241415,46.00000189039895,11.000004998790018,h0,12
13.35771812080537,17.754107142857144,901,1049,148,908,1019,111,25,957.000243275826,981.000235260248,23.999991984421968,5.999997996016987,h0,7
9.894950495049503,16.387377049180326,901,1102,201,908,1029,121,23,983.000243351841,1005.000240254345,21.999996902503995,5.000006937654007,h0,6
10.929398907103824,13.530608108108108,901,1083,182,908,1055,147,33,978.000236357037,1010.000247224467,32.00001086742998,6.000010967191997,h0,7
13.2976,15.341769230769229,901,1050,149,908,1037,129,26,959.000238333907,984.000247222144,25.000008888237065,5.999998059626023,h0,7
7.391074074074074,17.88955357142857,901,1170,269,908,1019,111,32,966.000240344364,997.000247207408,31.000006863044064,6.000010929943983,h0,7
7.600305343511449,15.075075757575757,901,1162,261,908,1039,131,35,979.000240322803,1013.000246236766,34.00000591396292,7.999993013742028,h0,9
10.505684210526317,17.846339285714286,901,1090,189,908,1019,111,30,957.00024330487,986.000242221325,28.99999891645507,7.000001999375968,h0,8
14.246214285714288,10.812756756756755,901,1040,139,908,1092,184,36,966.000240382122,1001.000237195103,34.99999681298095,8.999997040426933,h0,10
6.307879746835444,16.53425,901,1216,315,908,1027,119,34,975.000237370232,1008.000239212431,33.000001842199026,8.00000598588906,h0,9
8.404661016949152,17.46140350877193,901,1136,235,908,1021,113,34,968.000235368209,1001.000237228823,33.00000186061402,7.000001981642072,h0,8
9.601009615384616,14.544452554744526,901,1108,207,908,1044,136,36,978.000236348524,1013.000246258231,35.00000990970693,8.000006018276054,h0,9
7.365202952029519,15.40984496124031,901,1171,270,908,1036,128,36,968.000235351017,1003.000245248706,35.0000098976891,7.999992979327999,h0,9
11.146927374301676,14.685925925925924,901,1079,178,908,1042,134,23,971.000247376432,993.000244216497,21.999996840065023,4.000003017718996,h0,5
6.662608695652174,16.617749999999997,901,1199,298,908,1027,119,35,970.000243368424,1004.000236232993,33.99999286456898,7.999993041700009,h0,9
7.933187250996016,14.610147058823529,901,1151,250,908,1043,135,36,974.000246369415,1009.000243259673,34.99999689025799,7.000001993162982,h0,8
7.85156862745098,16.32909836065574,901,1155,254,908,1029,121,36,960.000242359411,995.000239256938,34.99999689752701,8.00000600249598,h0,9
6.670735785953178,11.797218934911244,901,1199,298,908,1076,168,64,973.000242365334,1036.000247241409,63.00000487607497,14.99999499476894,h0,16
10.30321243523316,17.112758620689654,901,1093,192,908,1023,115,32,971.000247358331,1002.000241211462,30.99999385313106,5.00000700483497,h0,6
7.152589928057554,15.765984251968504,901,1178,277,908,1034,126,34,970.00024334822,1003.000245190317,33.000001842096935,8.99999700140495,h0,10
13.534489795918368,11.340971428571429,901,1047,146,908,1082,174,36,972.000238382629,1007.000235225789,34.99999684315992,5.999997983714934,h0,7
6.403846153846154,15.63625,901,1212,311,908,1035,127,40,974.000246371595,1013.000246263523,38.99999989192793,7.999992960209965,h0,9
11.972168674698796,10.272268041237114,901,1066,165,908,1101,193,42,979.000240373215,1020.000235233803,40.999994860588,10.000000966934977,h0,11
8.820486725663716,16.50619834710744,901,1126,225,908,1028,120,40,972.000238328153,1011.000238215928,38.99999988777495,8.000006018841987,h0,9
10.056231155778894,14.544890510948903,901,1099,198,908,1044,136,34,969.000239301623,1002.000241214571,33.00000191294805,11.000005002620014,h0,12
11.058232044198895,9.516761904761903,901,1081,180,908,1117,209,33,985.000238310634,1017.000236233191,31.999997922556982,6.999989005364,h0,8
9.446682464454977,16.814285714285717,901,1111,210,908,1026,118,32,975.000237365577,1006.0002442092,31.00000684362294,7.000002011582978,h0,8
7.483533834586466,9.36785046728972,901,1166,265,908,1121,213,56,995.000239374229,1050.000238236041,54.99999886181206,12.999999993044868,h0,14
7.299377289377289,14.182624113475176,901,1173,272,908,1048,140,35,982.000239328725,1016.000245232864,34.000005904139016,6.999988989850976,h0,8
9.32570093457944,9.271953488372093,901,1114,213,908,1122,214,38,991.000236383317,1028.00024120918,37.00000482586313,8.000006031698945,h0,9
12.088353658536583,16.161138211382113,901,1064,163,908,1030,122,28,958.000247357027,985.000238188395,26.999990831367995,5.999997997605988,h0,7
8.294066390041493,16.231626016260165,901,1141,240,908,1030,122,40,966.000240325839,1005.000240261657,38.999999935818096,13.000000002009983,h0,14
5.771008645533142,16.20959349593496,901,1247,346,908,1030,122,34,981.000235380878,1014.000237194806,33.00000181392795,7.000002026180027,h0,8
12.079277108433734,16.73831932773109,901,1066,165,908,1026,118,30,965.000236331494,994.000235231862,28.99999890036804,7.000001989665975,h0,8
7.175985663082437,15.652992125984252,901,1179,278,908,1034,126,41,965.000236345391,1005.000240237907,40.00000389251591,8.999996983420033,h0,10
10.596382978723405,12.40577639751553,901,1088,187,899,1059,160,41,969.000239383949,1009.000243212311,40.00000382836208,8.999996977397018,h0,10
11.266590909090908,15.87816,901,1076,175,899,1023,124,28,968.000235309794,995.000239214483,27.00000390468904,6.000010976669046,h0,7
13.104117647058825,16.630166666666664,901,1053,152,899,1018,119,28,954.000244319063,981.000235221112,26.999990902049035,6.000010987905966,h0,7
8.970360360360361,16.012016129032258,901,1122,221,899,1022,123,33,956.000239331358,988.000237255487,31.999997924129048,8.000006011311939,h0,9
10.636702127659571,13.280794701986755,901,1088,187,899,1049,150,34,975.000237374695,1008.000239251879,33.00000187718399,7.000001942652034,h0,8
11.058944444444446,15.63328125,901,1080,179,899,1026,127,29,968.000235320902,996.000243214238,28.000007893336036,7.000001959968017,h0,8
7.782734374999999,15.547265625,901,1156,255,899,1026,127,38,951.000245319977,988.000237214638,36.99999189466098,10.000000981985975,h0,11
10.972762430939229,16.692689075630252,901,1081,180,899,1017,118,29,953.000240304936,981.000235178535,27.999994873599007,5.000006949518024,h0,6
14.065106382978724,15.365038759689922,901,1041,140,899,1027,128,32,960.000242348469,991.000236235565,30.999993887096025,6.999988961391068,h0,8
12.480000000000002,14.448913043478262,901,1059,158,899,1036,137,29,969.000239374552,997.000247214173,28.00000783962093,6.00001096575204,h0,7
7.524830188679245,15.33330769230769,901,1165,264,899,1028,129,28,966.000240320874,993.00024423889,27.000003918015977,4.999993990864027,h0,6
12.60620253164557,10.324404145077722,901,1058,157,899,1091,192,23,964.000245295793,986.000242200537,21.999996904743966,5.000006908475939,h0,6
11.826390532544378,17.572105263157894,901,1069,168,899,1012,113,27,952.000236354512,978.000236181084,25.99999982657198,5.9999980187840265,h0,7
8.397637130801687,17.543771929824562,901,1137,236,899,1012,113,34,959.000238333114,992.000240226027,33.00000189291302,8.00000599436305,h0,9
6.182142857142858,18.565514018691587,901,1222,321,899,1005,106,31,964.000245369806,994.000235186727,29.999989816921016,7.000002024615014,h0,8
7.293479853479853,12.658662420382164,901,1173,272,899,1055,156,46,986.000242367445,1031.000240205766,44.99999783832095,10.00000097077509,h0,11
8.842907488986786,18.384722222222223,901,1127,226,899,1006,107,34,960.000242316748,993.000244226694,33.00000190994604,7.999992998785956,h0,9
9.96445,17.549557522123894,901,1100,199,899,1011,112,32,967.000244347421,998.000238231997,30.99999388457593,7.000002011905963,h0,8
10.93775956284153,14.637941176470587,901,1083,182,899,1034,135,29,978.000236362225,1006.000244249389,28.00000788716397,5.999998000513983,h0,7
13.621027397260272,15.228625954198474,901,1046,145,899,1029,130,24,962.000237329992,985.0002382572,23.000000927207907,4.999993960284087,h0,6
7.273163636363637,14.601240875912408,901,1175,274,899,1035,136,45,967.000244376974,1011.000238216427,43.99999383945294,10.000001006883965,h0,11
9.746780487804878,12.723525641025642,901,1105,204,899,1054,155,36,961.000246350109,996.000243254555,34.99999690444599,8.000006026215942,h0,9
8.08578947368421,16.910677966101694,901,1147,246,899,1016,117,29,954.000244346575,982.000239214627,27.999994868052,6.000010981892046,h0,7
10.56915343915344,9.923930348258706,901,1089,188,899,1099,200,37,970.00024332375,1006.000244234461,36.000000910710924,8.00000597292103,h0,9
6.775392491467577,16.201951219512196,901,1193,292,899,1021,122,45,958.000247365411,1002.000241241276,43.9999938758649,13.999990978613935,h0,15
7.70453488372093,16.186178861788616,901,1158,257,899,1021,122,37,965.000236356785,1001.000237263285,36.00000090650008,7.000001988219992,h0,8
6.100579268292683,9.917761194029852,901,1228,327,899,1099,200,64,980.000244357843,1043.000236216593,62.99999185875004,15.999998972464027,h0,17
7.972200000000001,14.53868613138686,901,1150,249,899,1035,136,37,966.000240366753,1002.000241260077,36.000000893324,8.000005979916978,h0,9
11.332329545454549,17.13741379310345,901,1076,175,899,1014,115,23,954.000244267871,976.000241198017,21.99999693014593,5.000006955636991,h0,6
6.560559210526315,16.73344537815126,901,1204,303,899,1017,118,37,962.000237361655,998.000238202217,36.00000084056205,8.999997007992988,h0,10
10.485421052631578,13.718767123287671,901,1090,189,899,1044,145,36,970.00024337772,1005.000240198477,34.999996820756905,8.000005984789027,h0,9
7.85156862745098,13.799172413793103,901,1155,254,899,1043,144,33,965.000236375038,997.000247233392,32.00001085835402,7.000002010910976,h0,8
9.540717703349282,10.860597826086956,901,1109,208,899,1082,183,39,983.000243336884,1021.000239219249,37.999995882365056,5.999997968105049,h0,7
8.201818181818183,16.066290322580645,901,1142,241,899,1022,123,34,965.000236345809,998.000238173129,33.000001827320034,7.000002011317974,h0,8
7.8994841269841265,18.057454545454547,901,1152,251,899,1008,109,34,961.000246332283,994.000235229265,32.999988896981904,5.999998005044972,h0,7
12.82567741935484,8.898206278026906,901,1055,154,899,1121,222,36,972.000238352715,1007.000235253882,34.99999690116704,5.999997969898004,h0,7
6.403846153846154,15.227480916030537,901,1212,311,899,1029,130,34,972.000238350955,1005.000240192062,33.000001841107064,7.999992980819002,h0,9
8.478085106382979,6.6034219269103,901,1135,234,899,1199,300,56,1007.000235380489,1062.000247258295,55.00001187780606,13.999991032840173,h0,15
7.682605363984674,13.67351724137931,901,1161,260,899,1043,144,49,970.000243371175,1018.000240221375,47.99999685019998,8.999997015110011,h0,10
9.3246511627907,13.1941059602649,901,1115,214,899,1049,150,38,967.000244333852,1004.000236242949,36.99999190909693,10.999991995854998,h0,12
11.063370165745855,10.516137566137568,901,1081,180,899,1087,188,33,983.000243338032,1015.000241203171,31.999997865138997,5.9999979600779625,h0,7
9.076666666666666,11.979518072289157,901,1119,218,899,1064,165,31,1006.000244376805,1036.000247138915,30.000002762110057,7.000001997953063,h0,8
6.162724458204334,10.817989130434782,901,1223,322,899,1082,183,47,999.000242357213,1045.000244252166,46.00000189495313,11.000005021699964,h0,12
7.472781954887218,14.203642857142857,901,1166,265,899,1038,139,35,975.000237361162,1009.000243185792,34.000005824629966,7.9999929690529825,h0,9
12.53251572327044,17.21362068965517,901,1059,158,899,1014,115,23,963.000241369294,985.000238226151,21.999996856857024,4.000003002997005,h0,5
14.305214285714287,19.56343137254902,901,1040,139,899,1000,101,22,949.000237377726,970.000243233083,21.000005855357017,4.999994039206968,h0,6
8.910582959641253,15.563203125,901,1123,222,899,1026,127,34,964.000245365696,997.000247209146,33.00000184345004,7.000001975207056,h0,8
6.099268292682926,16.629833333333334,901,1228,327,899,1018,119,33,974.00024638147,1006.000244255169,31.999997873699044,5.999998057715061,h0,7
12.079277108433734,16.324344262295078,901,1066,165,899,1020,121,29,963.0002413487,991.000236217346,27.999994868646013,7.000002046221084,h0,8
6.534000000000001,18.8495283018868,901,1205,304,899,1004,105,33,960.000242355746,992.000240259943,31.999997904197016,7.999993048503029,h0,9
10.614010695187169,15.199312977099236,901,1087,186,908,1038,130,34,971.000247375818,1004.000236215781,32.99998883996295,7.999993001366988,h0,9
8.609137931034482,15.779841269841272,901,1132,231,908,1033,125,32,965.00023631727,996.000243222777,31.000006905507007,7.00000205440108,h0,8
13.56013605442177,15.533023255813957,901,1047,146,908,1036,128,31,957.000243374394,987.000246239398,30.000002865004035,7.000002029714096,h0,8
11.04661111111111,16.772941176470585,901,1080,179,908,1026,118,30,956.000239332443,985.000238186539,28.99999885409602,7.000002036893989,h0,8
9.611449275362318,15.119242424242422,901,1107,206,908,1039,131,33,981.000235337032,1013.000246266237,32.00001092920502,7.000002006104978,h0,8
11.068333333333335,15.730393700787404,901,1080,179,908,1034,126,30,970.000243311243,999.000242258175,28.99999894693201,5.99999803454898,h0,7
5.71,16.029435483870966,901,1249,348,908,1031,123,43,971.000247383346,1013.000246215579,41.999998832232905,8.999997027512109,h0,10
10.604074074074074,18.63803738317757,901,1089,188,908,1014,106,27,959.0002383674,985.000238155047,25.99999978764697,7.000002043092991,h0,8
14.369424460431654,14.2873381294964,901,1039,138,908,1046,138,32,961.000246340499,992.000240234555,30.999993894056047,7.000001944828,h0,8
10.370259067357512,16.963305084745762,901,1093,192,908,1025,117,28,959.000238331591,986.000242199801,27.00000386821,5.9999980929779895,h0,7
10.589787234042552,15.290769230769232,901,1088,187,908,1037,129,24,974.000246303747,997.000247185913,23.00000088216609,4.000002971945037,h0,5
12.4189375,12.988766233766231,901,1060,159,908,1061,153,25,968.000235311496,992.00024022665,24.000004915154022,5.000007065102977,h0,6
9.796960784313724,13.074771241830064,901,1104,203,908,1060,152,22,972.000238294561,993.0002441675,21.000005872939028,4.9999940247580525,h0,6
10.978516483516485,18.43305555555556,901,1082,181,908,1015,107,30,962.000237332006,991.000236188613,28.99999885660702,7.000002059702979,h0,8
6.182142857142858,15.000526315789472,901,1222,321,908,1040,132,36,984.000247372614,1019.000244252872,34.99999688025798,7.00000198182704,h0,8
6.2915822784810125,12.238527607361965,901,1216,315,908,1070,162,47,991.000236351016,1037.000238241415,46.00000189039895,11.000004998790018,h0,12
13.35771812080537,17.754107142857144,901,1049,148,908,1019,111,25,957.000243275826,981.000235260248,23.999991984421968,5.999997996016987,h0,7
9.894950495049503,16.387377049180326,901,1102,201,908,1029,121,23,983.000243351841,1005.000240254345,21.999996902503995,5.000006937654007,h0,6
10.929398907103824,13.530608108108108,901,1083,182,908,1055,147,33,978.000236357037,1010.000247224467,32.00001086742998,6.000010967191997,h0,7
13.2976,15.341769230769229,901,1050,149,908,1037,129,26,959.000238333907,984.000247222144,25.000008888237065,5.999998059626023,h0,7
7.391074074074074,17.88955357142857,901,1170,269,908,1019,111,32,966.000240344364,997.000247207408,31.000006863044064,6.000010929943983,h0,7
7.600305343511449,15.075075757575757,901,1162,261,908,1039,131,35,979.000240322803,1013.000246236766,34.00000591396292,7.999993013742028,h0,9
10.505684210526317,17.846339285714286,901,1090,189,908,1019,111,30,957.00024330487,986.000242221325,28.99999891645507,7.000001999375968,h0,8
14.246214285714288,10.812756756756755,901,1040,139,908,1092,184,36,966.000240382122,1001.000237195103,34.99999681298095,8.999997040426933,h0,10
6.307879746835444,16.53425,901,1216,315,908,1027,119,34,975.000237370232,1008.000239212431,33.000001842199026,8.00000598588906,h0,9
8.404661016949152,17.46140350877193,901,1136,235,908,1021,113,34,968.000235368209,1001.000237228823,33.00000186061402,7.000001981642072,h0,8
9.601009615384616,14.544452554744526,901,1108,207,908,1044,136,36,978.000236348524,1013.000246258231,35.00000990970693,8.000006018276054,h0,9
7.365202952029519,15.40984496124031,901,1171,270,908,1036,128,36,968.000235351017,1003.000245248706,35.0000098976891,7.999992979327999,h0,9
11.146927374301676,14.685925925925924,901,1079,178,908,1042,134,23,971.000247376432,993.000244216497,21.999996840065023,4.000003017718996,h0,5
6.662608695652174,16.617749999999997,901,1199,298,908,1027,119,35,970.000243368424,1004.000236232993,33.99999286456898,7.999993041700009,h0,9
7.933187250996016,14.610147058823529,901,1151,250,908,1043,135,36,974.000246369415,1009.000243259673,34.99999689025799,7.000001993162982,h0,8
7.85156862745098,16.32909836065574,901,1155,254,908,1029,121,36,960.000242359411,995.000239256938,34.99999689752701,8.00000600249598,h0,9
6.670735785953178,11.797218934911244,901,1199,298,908,1076,168,64,973.000242365334,1036.000247241409,63.00000487607497,14.99999499476894,h0,16
10.30321243523316,17.112758620689654,901,1093,192,908,1023,115,32,971.000247358331,1002.000241211462,30.99999385313106,5.00000700483497,h0,6
7.152589928057554,15.765984251968504,901,1178,277,908,1034,126,34,970.00024334822,1003.000245190317,33.000001842096935,8.99999700140495,h0,10
13.534489795918368,11.340971428571429,901,1047,146,908,1082,174,36,972.000238382629,1007.000235225789,34.99999684315992,5.999997983714934,h0,7
6.403846153846154,15.63625,901,1212,311,908,1035,127,40,974.000246371595,1013.000246263523,38.99999989192793,7.999992960209965,h0,9
11.972168674698796,10.272268041237114,901,1066,165,908,1101,193,42,979.000240373215,1020.000235233803,40.999994860588,10.000000966934977,h0,11
8.820486725663716,16.50619834710744,901,1126,225,908,1028,120,40,972.000238328153,1011.000238215928,38.99999988777495,8.000006018841987,h0,9
10.056231155778894,14.544890510948903,901,1099,198,908,1044,136,34,969.000239301623,1002.000241214571,33.00000191294805,11.000005002620014,h0,12
11.058232044198895,9.516761904761903,901,1081,180,908,1117,209,33,985.000238310634,1017.000236233191,31.999997922556982,6.999989005364,h0,8
9.446682464454977,16.814285714285717,901,1111,210,908,1026,118,32,975.000237365577,1006.0002442092,31.00000684362294,7.000002011582978,h0,8
7.483533834586466,9.36785046728972,901,1166,265,908,1121,213,56,995.000239374229,1050.000238236041,54.99999886181206,12.999999993044868,h0,14
7.299377289377289,14.182624113475176,901,1173,272,908,1048,140,35,982.000239328725,1016.000245232864,34.000005904139016,6.999988989850976,h0,8
9.32570093457944,9.271953488372093,901,1114,213,908,1122,214,38,991.000236383317,1028.00024120918,37.00000482586313,8.000006031698945,h0,9
12.088353658536583,16.161138211382113,901,1064,163,908,1030,122,28,958.000247357027,985.000238188395,26.999990831367995,5.999997997605988,h0,7
8.294066390041493,16.231626016260165,901,1141,240,908,1030,122,40,966.000240325839,1005.000240261657,38.999999935818096,13.000000002009983,h0,14
5.771008645533142,16.20959349593496,901,1247,346,908,1030,122,34,981.000235380878,1014.000237194806,33.00000181392795,7.000002026180027,h0,8
12.079277108433734,16.73831932773109,901,1066,165,908,1026,118,30,965.000236331494,994.000235231862,28.99999890036804,7.000001989665975,h0,8
7.175985663082437,15.652992125984252,901,1179,278,908,1034,126,41,965.000236345391,1005.000240237907,40.00000389251591,8.999996983420033,h0,10
10.614010695187169,15.634687500000002,901,1087,186,914,1041,127,33,974.000246385749,1006.000244223676,31.999997837926912,7.000002020566058,h0,8
8.609137931034482,16.72142857142857,901,1132,231,914,1032,118,32,968.000235306614,999.000242236589,31.00000692997503,7.000002065337981,h0,8
13.56013605442177,15.149318181818185,901,1047,146,914,1045,131,25,972.000238309284,996.000243249692,24.00000494040796,5.000007015299048,h0,6
11.04661111111111,17.45894736842105,901,1080,179,914,1027,113,30,957.000243332197,986.000242205024,28.999998872827064,7.000002069927973,h0,8
9.611449275362318,15.054736842105266,901,1107,206,914,1046,132,30,987.000246357054,1016.000245175891,28.99999881883696,7.999992989985003,h0,9
11.068333333333335,16.156585365853662,901,1080,179,914,1036,122,31,971.000247377444,1001.000237262294,29.99998988485004,7.000001965595061,h0,8
5.71,15.142045454545457,901,1249,348,914,1045,131,39,977.000245340781,1015.000241235415,37.999995894634026,8.999996987862005,h0,10
10.604074074074074,16.703781512605048,901,1089,188,914,1032,118,28,969.000239349697,996.000243201873,27.00000385217595,5.000006990778957,h0,6
14.369424460431654,14.632408759124088,901,1039,138,914,1050,136,26,971.000247331771,996.000243209798,24.999995878026997,6.000010962433066,h0,7
10.370259067357512,16.847627118644066,901,1093,192,914,1031,117,26,970.000243346717,995.000239199474,24.999995852757024,5.9999979824179945,h0,7
10.589787234042552,9.085844748858449,901,1088,187,914,1132,218,40,991.0002363331,1030.000236236582,38.99999990348192,10.00000098899602,h0,11
12.4189375,12.220674846625766,901,1060,159,914,1076,162,29,976.000241305163,1004.000236181478,27.9999948763151,5.999997955649064,h0,7
9.796960784313724,15.761102362204726,901,1104,203,914,1040,126,23,970.000243361537,992.000240221825,21.999996860288093,4.000003013015999,h0,5
10.978516483516485,17.07051282051282,901,1082,181,914,1030,116,32,966.000240355961,997.000247240216,31.000006884255072,5.999998037204932,h0,7
6.182142857142858,18.898,901,1222,321,914,1018,104,28,979.00024032298,1006.000244223216,27.00000390023604,5.999998029279936,h0,7
6.2915822784810125,9.569807692307691,901,1216,315,914,1121,207,64,991.000236376212,1054.000241251192,63.000004874979936,15.000007991247005,h0,16
13.35771812080537,15.404728682170544,901,1049,148,914,1042,128,24,963.000241289882,986.000242227521,23.00000093763901,5.000006920821988,h0,6
9.894950495049503,17.079829059829063,901,1102,201,914,1030,116,20,988.000237294648,1007.000235106081,18.999997811433104,3.9999899852149374,h0,5
10.929398907103824,14.097183098591549,901,1083,182,914,1055,141,21,994.000235348377,1014.000237122618,20.000001774241014,4.000002940284048,h0,5
13.2976,7.394869888475836,901,1050,149,914,1182,268,38,984.00024732073,1021.000239253691,36.99999193296105,7.999992934780948,h0,9
7.391074074074074,16.838907563025213,901,1170,269,914,1032,118,38,969.00023936611,1006.000244217742,37.00000485163196,5.999997981583988,h0,7
7.600305343511449,15.648976377952756,901,1162,261,914,1040,126,35,980.000244324922,1014.000237235059,33.99999291013694,8.000006016113048,h0,9
10.505684210526317,18.054504504504504,901,1090,189,914,1024,110,31,968.0002353202,998.000238194645,30.000002874445045,8.000005948739954,h0,9
14.246214285714288,11.660406976744186,901,1040,139,914,1085,171,34,969.000239325916,1002.000241180935,33.00000185501892,7.999992992287957,h0,9
6.307879746835444,17.37878260869565,901,1216,315,914,1028,114,34,975.000237373173,1008.000239202144,33.000001828970994,8.000005972064969,h0,9
8.404661016949152,17.653362831858406,901,1136,235,914,1026,112,27,980.000244310203,1006.000244229373,25.999999919170023,5.999997952930016,h0,7
9.601009615384616,8.8772,901,1108,207,914,1138,224,37,998.000238356456,1034.000239190108,36.00000083365205,8.99999701139302,h0,10
7.365202952029519,16.024000000000004,901,1171,270,914,1038,124,35,970.000243350187,1004.000236237616,33.999992887429016,7.000002045475981,h0,8
11.146927374301676,19.23019230769231,901,1079,178,914,1017,103,27,954.000244327757,980.000244208299,25.99999988054208,7.000002011898005,h0,8
6.662608695652174,17.140427350427352,901,1199,298,914,1030,116,35,972.000238365881,1006.000244221563,34.000005855681934,7.999993020267084,h0,9
7.933187250996016,15.442093023255811,901,1151,250,914,1042,128,36,973.000242374009,1008.000239250421,34.99999687641207,7.000001966797072,h0,8
7.85156862745098,16.55520661157025,901,1155,254,914,1034,120,29,975.000237279242,1003.00024523895,28.000007959708,6.9999889850589625,h0,8
6.670735785953178,8.978963963963965,901,1199,298,914,1135,221,66,973.000242354003,1038.000242254047,64.99999990004392,15.999998986245942,h0,17
10.30321243523316,16.03848,901,1093,192,914,1038,124,35,976.000241359161,1010.000247208585,34.00000584942404,7.000001981528044,h0,8
7.152589928057554,13.922777777777776,901,1178,277,914,1057,143,33,989.0002413026,1021.000239241298,31.999997938698016,5.999998002591042,h0,7
13.534489795918368,11.734615384615385,901,1047,146,914,1082,168,36,972.000238382611,1007.000235215915,34.99999683330407,5.9999979840879405,h0,7
6.403846153846154,15.760314960629922,901,1212,311,914,1040,126,35,975.000237367571,1009.000243250978,34.00000588340697,8.000005969762015,h0,9
11.972168674698796,10.00805,901,1066,165,914,1113,199,43,980.000244347246,1022.000243209274,41.99999886202795,9.999987986297924,h0,11
8.820486725663716,15.431240310077518,901,1126,225,914,1042,128,39,978.00023637847,1016.000245196736,38.000008818266,9.000010054662084,h0,10
10.056231155778894,10.058994974874372,901,1099,198,914,1112,198,33,1004.000236364497,1036.000247252039,32.00001088754186,4.999994007893065,h0,6
11.058232044198895,12.209141104294478,901,1081,180,914,1076,162,26,1000.000246313854,1025.000242207744,24.999995893889945,5.999997980517037,h0,7
9.446682464454977,17.15801724137931,901,1111,210,914,1029,115,32,979.000240305785,1010.000247246675,31.00000694088999,7.000001963583941,h0,8
7.483533834586466,9.577511961722488,901,1166,265,914,1122,208,56,997.000247379358,1052.000246220912,54.999998841553975,13.999991010042097,h0,15
7.299377289377289,15.93704,901,1173,272,914,1038,124,35,975.000237350912,1009.000243189243,34.000005838330935,7.999992983870925,h0,9
9.32570093457944,9.759658536585366,901,1114,213,914,1118,204,38,992.000240379858,1029.000245215865,37.000004836007065,9.000010003076,h0,10
12.088353658536583,16.110887096774192,901,1064,163,914,1037,123,30,960.000242317575,989.000241262442,28.999998944867,5.999997963265969,h0,7
8.294066390041493,14.978947368421052,901,1141,240,914,1046,132,29,983.000243347816,1011.00023822739,27.999994879574047,5.99999795407598,h0,7
5.771008645533142,15.84063492063492,901,1247,346,914,1039,125,33,988.000237298067,1020.000235251075,31.999997953008005,7.999993031923964,h0,9
12.079277108433734,17.605840707964603,901,1066,165,914,1026,112,30,965.000236332609,994.000235229656,28.99999889704702,7.000001987116093,h0,8
7.175985663082437,17.251465517241378,901,1179,278,914,1029,115,34,973.000242331475,1006.000244210822,33.000001879347,8.000006020447017,h0,9
6.682140468227425,16.781008403361348,901,1199,298,896,1014,118,32,968.000235380024,999.000242256814,31.00000687678994,8.000006029204997,h0,9
9.091090909090909,14.170214285714287,901,1120,219,896,1035,139,34,972.00023831286,1005.000240250014,33.000001937154025,8.000005959848068,h0,9
13.652945205479451,18.149454545454542,901,1046,145,896,1005,109,25,949.000237360079,973.000242166277,24.00000480619792,5.999997980762032,h0,7
10.516190476190475,16.18617886178862,901,1089,188,896,1018,122,31,955.00023537055,985.000238230447,30.00000285989711,7.000002006999011,h0,8
9.796502463054187,15.631338582677166,901,1103,202,896,1022,126,27,974.00024633617,1000.000246227064,25.99999989089406,4.999994017101017,h0,6
11.058944444444446,11.63139534883721,901,1080,179,896,1067,171,32,988.000237373802,1019.000244229936,31.000006856134064,5.999997971743937,h0,7
5.71,13.549523809523809,901,1249,348,896,1042,146,48,965.000236384449,1012.000242222639,47.00000583819008,10.999992015362068,h0,12
10.561216931216933,16.749915966386553,901,1089,188,896,1014,118,28,959.000238381145,986.000242235909,27.00000385476403,7.000002030217047,h0,8
13.351812080536911,16.062177419354835,901,1049,148,896,1019,123,25,966.000240380432,990.000245187332,24.000004806899938,4.000002989001018,h0,5
12.480000000000002,14.701250000000002,901,1059,158,896,1031,135,29,957.000243384004,985.000238253788,27.999994869784015,7.00000200780994,h0,8
7.524830188679245,16.188373983739837,901,1165,264,896,1018,122,26,958.000247314293,983.000243192979,24.99999587868604,5.000007023096032,h0,6
12.615886075949367,13.687517241379313,901,1058,157,896,1040,144,24,963.000241336828,986.000242207966,23.000000871138013,5.000007064110946,h0,6
11.105833333333337,17.159741379310343,901,1080,179,896,1011,115,28,951.000245365868,978.000236260017,26.99999089414905,5.999997981213028,h0,7
8.397637130801687,15.009469696969695,901,1137,236,896,1027,131,43,958.000247337039,1000.000246217175,41.99999888013599,10.00000103040304,h0,11
6.182142857142858,18.051272727272725,901,1222,321,896,1005,109,31,964.000245369121,994.000235183876,29.99998981475505,7.000002019503086,h0,8
8.24604938271605,8.287583333333334,901,1143,242,896,1135,239,60,984.000247353474,1043.000236231203,58.99998887772893,14.000003967076964,h0,15
9.693495145631069,16.840677966101698,901,1106,205,896,1013,117,37,960.000242322395,996.000243262824,36.000000940429004,7.000002009115974,h0,8
9.891930693069307,18.15190909090909,901,1102,201,896,1005,109,32,961.000246331644,992.000240213063,30.99999388141896,7.9999930588589905,h0,9
7.494661654135338,13.727876712328769,901,1166,265,896,1041,145,40,980.000244349902,1019.000244225287,38.999999875385015,5.999997968302978,h0,7
13.626643835616436,14.891567164179104,901,1046,145,896,1029,133,24,961.00024628797,984.000247236506,23.00000094853601,4.999993940069999,h0,6
7.273163636363637,16.42611570247934,901,1175,274,896,1016,120,33,964.000245381231,996.000243238703,31.999997857471957,5.99999798754402,h0,7
9.746780487804878,12.993986928104574,901,1105,204,896,1048,152,36,961.000246347434,996.000243262253,34.99999691481901,8.000006049892022,h0,9
15.363846153846156,16.805546218487393,901,1030,129,896,1014,118,23,947.000242289845,969.000239218747,21.999996928901965,5.000007072803896,h0,6
14.256642857142856,10.249896907216495,901,1040,139,896,1089,193,36,965.000236341546,1000.000246207438,35.00000986589191,8.999996985509938,h0,10
6.772244897959183,16.758067226890756,901,1194,293,896,1014,118,31,967.000244360957,997.000247202946,30.00000284198893,9.000010004791989,h0,10
7.70453488372093,16.03298387096774,901,1158,257,896,1019,123,36,964.000245349003,999.000242188283,34.999996839280016,7.000001989211,h0,8
9.75563725490196,10.744569892473118,901,1104,203,896,1081,185,42,983.000243381833,1024.000238212368,40.999994830535,10.000000954742973,h0,11
7.785781249999999,14.375971223021583,901,1156,255,896,1034,138,35,965.000236327514,999.0002422441,34.00000591658602,7.000002051350066,h0,8
11.332329545454549,16.895677966101694,901,1076,175,896,1013,117,23,953.000240310685,975.000237181527,21.999996870842097,5.999997997710011,h0,7
6.560559210526315,16.75991596638655,901,1204,303,896,1014,118,37,962.000237361229,998.000238203415,36.00000084218607,8.999997002497935,h0,10
10.485421052631578,13.199470198675495,901,1090,189,896,1046,150,37,973.000242368041,1009.000243220882,36.000000852841026,8.000005980313972,h0,9
8.068663967611336,13.281866666666668,901,1147,246,896,1045,149,38,955.000235361529,992.000240249775,37.00000488824594,10.000001042510007,h0,11
6.670735785953178,11.050386740331492,901,1199,298,896,1076,180,64,973.000242350138,1036.000247255043,63.00000490490493,14.999994995283032,h0,16
13.082697368421051,15.68433070866142,901,1052,151,896,1022,126,28,960.000242367797,987.000246185489,27.000003817692004,7.000001978430987,h0,8
7.673115384615385,16.769327731092435,901,1160,259,896,1014,118,29,967.000244377208,995.000239175559,27.999994798351054,6.000011073031942,h0,7
12.818709677419356,18.279816513761467,901,1055,154,896,1004,108,26,948.000246336197,973.000242227318,24.99999589112099,5.999998001991003,h0,7
6.345764331210191,14.768592592592592,901,1214,313,896,1030,134,34,974.000246324563,1007.000235219488,32.99998889492497,7.000001977951001,h0,8
8.4771914893617,8.531153846153845,901,1135,234,896,1129,233,56,1006.00024437524,1061.000243242089,54.99999886684907,15.00000798421911,h0,16
9.320560747663553,17.29413793103448,901,1114,213,896,1011,115,33,962.000237337567,994.000235209601,31.999997872033987,7.000001997810955,h0,8
7.100782918149466,14.355467625899282,901,1181,280,896,1034,138,36,972.000238375446,1007.000235226784,34.99999685133798,5.000006969407082,h0,6
11.054475138121546,9.034434389140271,901,1081,180,896,1116,220,34,981.000235368337,1014.000237235411,33.000001867073934,5.999998045458028,h0,7
9.102100456621006,10.686021505376344,901,1119,218,896,1081,185,33,1014.000237370733,1046.000235204786,31.99999783405292,6.000010995702951,h0,7
8.363403361344538,8.998963963963966,901,1138,237,896,1117,221,56,983.000243341177,1038.000242230102,54.999998888925006,12.999999982637974,h0,14
9.334205607476637,12.752435897435898,901,1114,213,896,1051,155,41,970.000243367621,1010.000247257639,40.00000389001798,8.00000602665898,h0,9
12.53251572327044,16.289024390243902,901,1059,158,896,1018,122,23,965.000236319974,987.000246227502,22.00000990752801,3.9999899750380337,h0,5
14.311642857142855,19.10066666666667,901,1040,139,896,1000,104,21,949.00023728969,969.000239218973,20.00000192928303,5.000006971991979,h0,6
9.624106280193237,15.745669291338585,901,1107,206,896,1022,126,40,962.000237331121,1001.000237209842,38.99999987872104,11.999995987889063,h0,13
5.771008645533142,16.24341463414634,901,1247,346,896,1018,122,33,974.000246381062,1006.000244258489,31.999997877427063,5.99999803919593,h0,7
10.588359788359789,14.402101449275362,901,1089,188,896,1033,137,32,965.000236356099,996.000243201716,31.00000684561701,7.999993012617097,h0,9
10.282886597938145,18.541588785046727,901,1094,193,896,1002,106,30,956.000239332698,985.000238167813,28.99999883511498,7.999992956383039,h0,9
10.614010695187169,15.288692307692308,901,1087,186,909,1038,129,34,971.000247375175,1004.00023621589,32.99998884071499,7.999993004546013,h0,9
8.609137931034482,16.061120000000003,901,1132,231,909,1033,124,33,967.000244383341,999.000242241804,31.99999785846296,7.000002055400955,h0,8
13.56013605442177,15.653779527559054,901,1047,146,909,1035,126,31,957.000243378206,987.000246238774,30.00000286056797,7.000002028372023,h0,8
11.04661111111111,16.8885593220339,901,1080,179,909,1026,117,30,956.000239325228,985.000238181775,28.999998856546995,7.000002035303055,h0,8
9.611449275362318,15.22290076335878,901,1107,206,909,1039,130,33,981.000235344679,1013.000246258371,32.000010913691995,7.000001990463943,h0,8
11.068333333333335,15.84873015873016,901,1080,179,909,1034,125,30,970.000243310114,999.000242258922,28.99999894880796,5.999998036307943,h0,7
5.71,13.902361111111112,901,1249,348,909,1052,143,37,993.000244376132,1029.000245223204,36.0000008470721,8.000005933979992,h0,9
10.604074074074074,18.809811320754715,901,1089,188,909,1014,105,28,959.000238369912,986.000242235032,27.000003865119997,7.000002036927072,h0,8
14.369424460431654,14.423840579710143,901,1039,138,909,1046,137,32,961.000246339968,992.000240238825,30.99999389885693,7.000001948808972,h0,8
10.370259067357512,17.09196581196581,901,1093,192,909,1025,116,28,959.000238336159,986.000242200187,27.00000386402803,5.999998089222004,h0,7
10.589787234042552,15.454341085271318,901,1088,187,909,1037,128,24,974.000246305699,997.00024718565,23.000000879951017,4.000002967654041,h0,5
12.4189375,12.317407407407408,901,1060,159,909,1070,161,25,968.000235311801,992.000240226417,24.000004914615943,5.000007064376973,h0,6
9.796960784313724,13.23523178807947,901,1104,203,909,1059,150,22,972.000238296487,993.000244165964,21.00000586947692,4.999994021389966,h0,6
10.978516483516485,17.45842105263158,901,1082,181,909,1022,113,30,965.000236345868,994.000235258081,28.999998912213076,6.000011015825976,h0,7
6.182142857142858,18.27862385321101,901,1222,321,909,1017,108,28,978.000236327557,1005.000240223463,27.000003895906048,5.999998042384959,h0,7
6.2915822784810125,12.361543209876542,901,1216,315,909,1070,161,47,991.000236351053,1037.00023825367,46.00000190261699,10.000000960804073,h0,11
13.35771812080537,15.474263565891471,901,1049,148,909,1037,128,24,962.000237310983,985.000238202725,23.000000891741934,5.000007093542081,h0,6
9.894950495049503,14.385507246376813,901,1102,201,909,1046,137,26,991.000236345931,1016.000245226253,25.00000888032207,4.000003028074048,h0,5
10.929398907103824,14.172836879432625,901,1083,182,909,1049,140,22,994.000235348868,1015.000241241618,21.000005892749986,4.000002977137001,h0,5
13.2976,15.57109375,901,1050,149,909,1036,127,26,959.000238336889,984.000247218709,25.00000888182001,5.999998053501031,h0,7
7.391074074074074,16.766302521008402,901,1170,269,909,1027,118,33,970.000243343099,1002.000241203263,31.999997860164054,6.999988951440969,h0,8
7.600305343511449,14.672867647058824,901,1162,261,909,1044,135,35,983.000243348789,1017.000236226084,33.99999287729497,7.99999299080298,h0,9
10.505684210526317,18.07072072072072,901,1090,189,909,1019,110,30,957.000243304924,986.000242216825,28.999998911901,7.000001997928962,h0,8
14.246214285714288,11.271079545454546,901,1040,139,909,1084,175,34,969.00023932603,1002.000241180429,33.00000185439899,7.999992990842998,h0,9
6.307879746835444,16.692,901,1216,315,909,1028,119,34,975.000237371946,1008.000239200347,33.00000182840097,8.00000598016993,h0,9
8.404661016949152,17.60433628318584,901,1136,235,909,1021,112,34,968.000235365386,1001.000237227848,33.000001862462,7.000001980926982,h0,8
9.601009615384616,12.79929487179487,901,1108,207,909,1064,155,28,996.000243380599,1023.000247203421,27.00000382282201,6.000011047742987,h0,7
7.365202952029519,15.54,901,1171,270,909,1036,127,36,968.000235349593,1003.000245249639,35.00000990004594,7.999992981473042,h0,9
11.146927374301676,14.795373134328358,901,1079,178,909,1042,133,22,972.000238310755,993.000244200247,21.00000588949206,4.000003127351988,h0,5
6.662608695652174,16.443770491803278,901,1199,298,909,1030,121,35,972.00023836674,1006.000244220441,34.000005853701055,7.999993018546093,h0,9
7.933187250996016,14.699558823529411,901,1151,250,909,1044,135,36,974.000246374708,1009.000243251754,34.99999687704599,7.000001978086971,h0,8
7.85156862745098,16.5001652892562,901,1155,254,909,1029,120,36,960.000242359129,995.00023925707,34.99999689794106,8.99999706285098,h0,10
6.670735785953178,11.931497005988026,901,1199,298,909,1075,166,64,973.000242364559,1036.000247260208,63.000004895649,14.999994995241082,h0,16
10.30321243523316,11.944011976047904,901,1093,192,909,1075,166,34,987.000246353019,1020.000235217047,32.99998886402807,7.000001997814024,h0,8
7.152589928057554,15.5546875,901,1178,277,909,1036,127,31,975.000237295022,1005.000240198118,30.00000290309606,7.000001967943945,h0,8
13.534489795918368,8.896322869955155,901,1047,146,909,1131,222,36,972.000238382579,1007.00023521581,34.999996833230966,5.999997983756998,h0,7
6.403846153846154,15.75763779527559,901,1212,311,909,1035,126,40,974.000246372042,1013.000246263104,38.999999891061975,7.999992965682964,h0,9
11.972168674698796,6.92038062283737,901,1066,165,909,1197,288,44,979.000240359844,1022.000243257928,43.00000289808395,10.000000962601009,h0,11
8.820486725663716,14.702370370370373,901,1126,225,909,1043,134,39,980.000244317301,1018.000240259653,37.99999594235192,8.99999704343304,h0,10
10.056231155778894,12.702151898734176,901,1099,198,909,1066,157,30,991.000236355565,1020.000235189711,28.999998834146027,6.000010978161981,h0,7
11.058232044198895,9.498095238095235,901,1081,180,909,1118,209,33,985.000238310279,1017.000236232622,31.999997922343027,6.999989004848999,h0,8
9.446682464454977,16.473223140495868,901,1111,210,909,1029,120,32,976.000241373878,1007.000235197188,30.99999382330998,7.000001993298042,h0,8
7.483533834586466,13.899722222222222,901,1166,265,909,1052,143,32,991.000236373111,1022.000243187436,31.000006814325047,5.999997952545982,h0,7
7.299377289377289,14.896492537313431,901,1173,272,909,1042,133,35,979.000240383105,1013.000246251226,34.00000586812098,8.000005938326012,h0,9
9.32570093457944,9.297476635514018,901,1114,213,909,1122,213,38,991.000236383742,1028.00024120865,37.000004824908046,8.000006031246926,h0,9
12.088353658536583,16.31967213114754,901,1064,163,909,1030,121,28,958.000247356434,985.000238190686,26.999990834252003,5.999998002558982,h0,7
8.294066390041493,14.516715328467154,901,1141,240,909,1045,136,30,981.000235365131,1010.000247234705,29.000011869574,5.99999803107994,h0,7
5.771008645533142,16.34016393442623,901,1247,346,909,1030,121,33,982.000239308012,1014.000237193101,31.999997885088987,7.00000202337003,h0,8
12.079277108433734,16.85186440677966,901,1066,165,909,1026,117,30,965.00023633355,994.000235229072,28.999998895522022,7.000001985030963,h0,8
7.175985663082437,14.669117647058824,901,1179,278,909,1044,135,40,966.000240315013,1005.000240243751,38.99999992873802,7.999993029315988,h0,9
6.942648083623693,16.889237288135597,901,1187,286,890,1007,117,33,958.000247365513,990.000245240253,31.99999787473996,6.999988921827935,h0,8
11.82779761904762,14.108723404255317,901,1068,167,890,1030,140,34,966.00024037577,999.000242224596,33.00000184882606,8.000006014876021,h0,9
12.67113924050633,14.76148148148148,901,1058,157,890,1024,134,25,946.000238352341,970.00024324072,24.000004888379067,5.000007015534948,h0,6
11.04661111111111,15.745511811023622,901,1080,179,890,1016,126,32,950.000241359126,981.000235257031,30.99999389790503,7.000001978187015,h0,8
10.804945652173911,17.878482142857145,901,1084,183,890,1001,111,25,959.000238297973,983.000243260223,24.00000496224993,4.999994051963995,h0,6
11.056722222222222,17.30491379310345,901,1080,179,890,1005,115,28,951.000245297972,978.000236193652,26.99999089567996,5.999998034876057,h0,7
7.566641509433961,15.89404761904762,901,1165,264,890,1015,125,28,964.000245367513,991.000236232219,26.99999086470598,4.999993929184939,h0,6
8.735833333333334,16.730336134453783,901,1128,227,890,1008,118,28,955.000235384347,982.000239255387,27.000003871040008,5.000006996938055,h0,6
13.702397260273973,15.248307692307694,901,1046,145,890,1019,129,25,966.000240382784,990.000245159404,24.000004776620017,4.000002959624908,h0,5
11.04888888888889,13.659383561643835,901,1080,179,890,1035,145,27,950.000241382689,976.000241189502,25.999999806813094,5.999998021178953,h0,7
7.011473684210526,14.084295774647886,901,1185,284,890,1031,141,28,970.000243315802,997.000247237843,27.00000392204106,6.000010997473964,h0,7
12.613291139240507,11.729766081871343,901,1058,157,890,1060,170,31,966.000240327102,996.000243183826,30.000002856723995,7.000002060036991,h0,8
11.666023391812864,16.274065040650406,901,1071,170,890,1012,122,26,952.000236366317,977.000245230149,25.00000886383191,5.999997984471975,h0,7
12.660700636942677,16.154999999999998,901,1057,156,890,1013,123,26,955.000235325594,980.000244197695,25.000008872101034,4.000003008346994,h0,5
13.313866666666666,18.42194444444445,901,1050,149,890,997,107,25,946.000238357993,970.000243215099,24.000004857105974,4.999994018977077,h0,6
12.151030303030302,12.567025316455696,901,1065,164,890,1047,157,43,968.000235376609,1010.000247256925,42.00001188031604,11.000005044735076,h0,12
13.004415584415584,17.211379310344828,901,1054,153,890,1005,115,26,950.000241354315,975.000237251771,24.99999589745596,5.999997990763973,h0,7
8.01710843373494,17.40234782608696,901,1149,248,890,1004,114,34,958.000247378047,991.000236211923,32.999988833876046,8.999997002155055,h0,10
8.678739130434781,14.285971223021583,901,1130,229,890,1028,138,44,968.000235363014,1011.000238192431,43.000002829416985,10.000000978968956,h0,11
13.311133333333334,16.644083333333334,901,1050,149,890,1009,119,25,943.000239279173,967.000244236256,24.00000495708298,6.000010979569993,h0,7
9.98525,13.234866666666669,901,1100,199,890,1039,149,46,956.000239368542,1001.000237211336,44.99999784279396,10.99999201558296,h0,12
7.934246031746031,16.475537190082644,901,1152,251,890,1010,120,27,961.000246368696,987.00024619445,25.999999825754003,4.999994062598034,h0,6
10.50557894736842,14.636250000000002,901,1090,189,890,1025,135,29,967.00024432437,995.000239239543,27.999994915173037,6.000010933373005,h0,7
13.461418918918918,9.573173076923077,901,1048,147,890,1097,207,37,965.000236353139,1001.000237253214,36.00000090007495,8.99999696055204,h0,10
6.302468354430379,14.939999999999998,901,1216,315,890,1022,132,43,961.000246362207,1003.000245211199,41.999998848991936,10.00000103083903,h0,11
7.837905138339921,15.508527131782945,901,1153,252,890,1018,128,36,962.000237334528,997.000247235102,35.000009900574014,7.000002000965992,h0,8
6.930209059233449,17.164310344827587,901,1187,286,890,1005,115,35,956.000239362295,990.000245252964,34.000005890668945,7.999992986989014,h0,9
12.421875,14.715185185185184,901,1060,159,890,1024,134,29,952.000236371355,980.000244263718,28.000007892362987,5.9999979602620215,h0,7
10.487263157894736,15.657109375,901,1090,189,890,1017,127,25,961.000246368868,985.000238246025,23.99999187715696,4.999994085735011,h0,6
9.342803738317755,13.89958041958042,901,1114,213,890,1032,142,31,957.000243367263,987.000246204032,30.000002836769,5.999998005022917,h0,7
8.05582995951417,12.973571428571429,901,1147,246,890,1043,153,37,974.000246377479,1010.000247207536,36.00000083005693,7.999992998565972,h0,9
8.150408163265306,14.695111111111112,901,1145,244,890,1024,134,42,948.000246354533,989.00024122305,40.99999486851698,10.000000987022986,h0,11
6.670735785953178,10.963922651933702,901,1199,298,890,1070,180,65,968.000235375144,1032.000244264195,64.00000888905106,16.00001198487803,h0,17
13.250397350993378,9.755121951219513,901,1051,150,890,1094,204,33,962.000237326419,994.000235225558,31.99999789913897,8.000006048045975,h0,9
7.495751879699248,16.820762711864408,901,1166,265,890,1007,117,36,957.00024338012,992.000240229035,34.999996848914975,6.999988917531027,h0,8
13.39722972972973,16.829745762711866,901,1048,147,890,1007,117,25,947.00024231108,971.000247173373,24.000004862293054,4.999994072904997,h0,6
6.403846153846154,16.228455284552844,901,1212,311,890,1012,122,44,952.000236335988,995.000239196422,43.00000286043394,11.999996020707954,h0,13
9.58641148325359,6.334936305732484,901,1109,208,890,1203,313,49,1007.000235367082,1055.000245262313,48.00000989523096,10.00000095055998,h0,11
7.804396887159533,16.40049180327869,901,1157,256,890,1011,121,34,961.000246370198,994.000235248666,32.99998887846789,7.000002078768034,h0,8
10.056231155778894,14.57065693430657,901,1099,198,890,1026,136,33,956.000239346932,988.000237217557,31.999997870625062,7.000001944032988,h0,8
11.061712707182322,12.18457317073171,901,1081,180,890,1053,163,32,982.00023931353,1013.00024625359,31.000006940060075,5.9999980349409725,h0,7
9.102100456621006,17.2775,901,1119,218,890,1005,115,34,960.000242355975,993.000244202835,33.00000184685996,7.000002013549079,h0,8
7.848023715415019,12.922322580645162,901,1153,252,890,1044,154,32,979.000240374147,1010.000247214753,31.000006840606037,5.999997958167,h0,7
10.715240641711231,16.12650406504065,901,1087,186,890,1012,122,38,948.000246315011,985.000238214676,36.999991899664906,10.00000098698206,h0,11
9.019592760180997,17.848035714285714,901,1121,220,890,1001,111,24,949.000237367584,972.000238203795,23.00000083621103,5.000007041232948,h0,6
11.49183908045977,18.21618181818182,901,1074,173,890,999,109,22,954.000244320582,975.000237216607,20.99999289602499,4.000003015474022,h0,5
8.846194690265488,14.541313868613138,901,1126,225,890,1026,136,42,956.000239347101,997.000247265972,41.000007918871006,10.000001015018938,h0,11
5.771008645533142,18.156181818181818,901,1247,346,890,999,109,32,959.000238291626,990.000245226812,31.00000693518598,7.999992992430975,h0,9
12.077650602409635,20.916,901,1066,165,890,984,94,22,947.000242286198,968.000235207568,20.999992921369994,5.000006966249998,h0,6
6.912152777777777,18.43712962962963,901,1188,287,890,997,107,32,953.000240314494,984.00024723791,31.00000692341598,7.000002048520059,h0,8
7.198597122302158,17.26026086956522,901,1178,277,894,1008,114,33,959.000238369715,991.000236231082,31.999997861366975,7.000002074717031,h0,8
8.677173913043477,13.562770270270272,901,1130,229,894,1041,147,32,961.000246325863,992.000240197346,30.99999387148296,6.999989021329043,h0,8
12.67240506329114,18.216454545454543,901,1058,157,894,1003,109,25,949.000237334862,973.000242175598,24.000004840735983,5.999998039922957,h0,7
10.89016304347826,15.903199999999998,901,1084,183,894,1018,124,30,955.000235312473,984.000247209601,29.000011897127933,7.000001971770985,h0,8
11.601976744186048,13.272999999999998,901,1072,171,894,1043,149,29,963.000241360028,991.000236236802,27.999994876774053,5.999998042019001,h0,7
11.120444444444448,12.374012345679011,901,1080,179,894,1055,161,36,964.00024537689,999.000242187274,34.999996810384005,9.000010022800097,h0,10
7.541018867924528,14.829029850746268,901,1165,264,894,1027,133,31,967.000244357905,997.000247220816,30.00000286291106,7.000001978732939,h0,8
8.341046025104601,17.119655172413797,901,1139,238,894,1009,115,25,954.000244294048,978.000236245562,23.999991951513948,5.999997957947926,h0,7
13.69972602739726,15.799444444444443,901,1046,145,894,1019,125,25,966.000240380593,990.000245185009,24.000004804415997,4.000002989731911,h0,5
9.358732394366196,15.450542635658916,901,1113,212,894,1022,128,27,962.00023729342,988.00023721367,25.99999992024993,5.99999799223508,h0,7
7.0455281690140845,16.08524193548387,901,1184,283,894,1017,123,29,961.00024631429,989.000241200064,27.99999488577396,7.000001976030035,h0,8
12.621962025316456,11.708529411764706,901,1058,157,894,1063,169,32,966.000240349432,997.000247264494,31.00000691506193,6.000010979710964,h0,7
11.663216374269004,16.812941176470588,901,1071,170,894,1012,118,25,952.000236283981,976.000241203161,24.0000049191799,5.999997935601073,h0,7
11.101555555555557,16.32516393442623,901,1080,179,894,1015,121,32,960.000242311468,991.000236264057,30.99999395258897,8.000005984350992,h0,9
13.310133333333331,17.94981981981982,901,1050,149,894,1004,110,25,951.000245355772,975.000237229977,23.99999187420497,4.999994076783992,h0,6
11.204748603351955,11.455714285714286,901,1079,178,894,1068,174,37,984.00024731824,1020.000235227175,35.999987908935054,8.999996962875002,h0,10
8.948783783783785,17.039145299145304,901,1122,221,894,1010,116,33,953.000240351777,985.000238201999,31.99999785022192,7.999993023179059,h0,9
8.896355555555555,18.00693693693694,901,1125,224,894,1004,110,24,960.00024232165,983.00024319742,23.00000087576996,4.000002982122965,h0,5
8.804778761061947,14.029577464788732,901,1126,225,894,1035,141,37,980.000244359809,1016.000245261333,36.000000901524004,8.999997032099031,h0,10
11.976047904191615,14.678529411764703,901,1067,166,894,1029,135,28,961.000246285347,988.000237252863,26.99999096751605,5.999998069935941,h0,7
7.195415162454873,16.160406504065044,901,1177,276,894,1016,122,33,964.000245384032,996.000243239996,31.99999785596401,5.999997993149009,h0,7
8.256141078838175,12.400372670807451,901,1141,240,894,1054,160,33,968.000235345015,1000.000246217945,32.000010872930034,7.000001993259048,h0,8
10.552010582010585,16.51404958677686,901,1089,188,894,1014,120,26,950.000241301313,975.000237184738,24.99999588342496,4.99999401342302,h0,6
14.148510638297868,10.25574358974359,901,1041,140,894,1088,194,36,962.000237372733,997.000247186323,35.000009813590054,8.000005957791927,h0,9
6.311293375394322,15.98336,901,1217,316,894,1018,124,43,962.000237365976,1004.000236234366,41.99999886838998,8.999996951697995,h0,10
7.709186046511628,15.245846153846154,901,1158,257,894,1023,129,35,969.000239341931,1003.000245255355,34.00000591342405,6.999988991523082,h0,8
6.559639344262295,11.47271676300578,901,1205,304,894,1066,172,38,995.000239364971,1032.000244203712,37.00000483874112,8.999996954164999,h0,10
7.490413533834586,14.17432624113475,901,1166,265,894,1034,140,36,965.000236374015,1000.00024625424,35.00000988022498,7.00000194868494,h0,8
10.125454545454543,14.819029850746269,901,1098,197,894,1027,133,28,967.000244376255,994.000235233215,26.99999085696004,5.000007013214031,h0,6
6.577138157894736,16.87618644067797,901,1204,303,894,1011,117,37,961.000246359228,997.000247202896,36.00000084366809,9.0000100169691,h0,10
10.486157894736843,13.50885135135135,901,1090,189,894,1041,147,36,972.000238370767,1007.000235201619,34.99999683085207,7.999992998966945,h0,9
10.368911917098446,14.690367647058824,901,1093,192,894,1029,135,36,959.00023835722,994.000235211693,34.99999685447301,6.00001094941706,h0,7
7.913492063492064,11.149273743016762,901,1152,251,894,1072,178,60,968.000235359871,1027.000237257947,59.00000189807599,15.999998985588036,h0,17
8.56602564102564,15.40356589147287,901,1134,233,894,1022,128,35,964.000245346762,998.000238234636,33.99999288787399,7.000001972087034,h0,8
7.495751879699248,17.271652173913044,901,1166,265,894,1008,114,36,958.000247383512,993.000244239292,34.999996855779955,7.000001954484105,h0,8
9.496398104265404,17.752053571428572,901,1111,210,894,1005,111,31,959.000238379163,989.000241228393,30.000002849229983,7.000002032517955,h0,8
6.413717948717949,16.75672268907563,901,1212,311,894,1012,118,30,967.00024430842,996.000243256302,28.99999894788209,5.999998027857032,h0,7
9.316915887850469,9.185345622119817,901,1114,213,894,1110,216,48,1008.00023937059,1055.000245228493,47.00000585790304,9.000009988953934,h0,10
8.339791666666667,16.671333333333333,901,1140,239,894,1013,119,33,963.0002413522,995.000239199933,31.999997847733084,6.000010953029005,h0,7
11.439999999999998,14.122340425531917,901,1074,173,894,1034,140,40,961.000246307727,1000.000246187811,38.99999988008392,12.000008977580023,h0,13
10.655882352941177,12.394968944099377,901,1087,186,894,1054,160,32,982.000239373538,1013.000246215847,31.000006842309062,7.00000193839503,h0,8
9.579615384615384,16.49082644628099,901,1108,207,894,1014,120,34,966.000240314778,999.000242220863,33.000001906085004,7.0000020638830165,h0,8
8.857911111111113,12.879354838709675,901,1125,224,894,1048,154,36,980.000244381881,1015.000241190951,34.99999680907001,6.999988951371051,h0,8
9.342897196261683,16.661749999999998,901,1114,213,894,1013,119,30,956.000239345869,985.000238244107,28.999998898238005,4.9999939297509854,h0,6
11.80029761904762,17.25051724137931,901,1068,167,894,1009,115,21,946.000238269489,966.000240198886,20.000001929396944,4.000002999165986,h0,5
11.714529411764708,18.416944444444443,901,1070,169,894,1001,107,23,948.000246333502,970.000243186354,21.999996852852064,4.999994088550011,h0,6
10.3679792746114,15.169312977099237,901,1093,192,894,1024,130,33,963.000241335629,995.000239209981,31.99999787435206,9.00000995432697,h0,10
7.8461960784313725,8.468382978723405,901,1155,254,894,1128,234,58,1003.000245355855,1060.000239217894,56.99999386203899,14.000003979096164,h0,15
10.585555555555556,21.83098901098901,901,1089,188,894,984,90,20,951.000245353419,970.000243145775,18.999997792356,4.000002962157055,h0,5
6.703703703703703,18.893962264150943,901,1197,296,894,999,105,34,951.000245356707,984.000247194356,33.00000183764905,7.999992985302924,h0,9
10.614010695187169,15.9792,901,1087,186,917,1041,124,36,975.000237385663,1010.000247240663,35.00000985500003,7.999993019631006,h0,9
8.609137931034482,14.949172932330828,901,1132,231,917,1049,132,33,970.000243378015,1002.000241250793,31.999997872777957,7.999992991690988,h0,9
13.56013605442177,17.52824561403509,901,1047,146,917,1030,113,24,963.000241288838,986.000242195276,23.000000906438004,5.999997962749035,h0,7
11.04661111111111,16.65285714285714,901,1080,179,917,1035,118,29,963.000241369605,991.000236225539,27.999994855934005,5.999998050536988,h0,7
9.611449275362318,15.39031007751938,901,1107,206,917,1045,128,30,987.000246350356,1016.000245184933,28.999998834577013,7.999993007618059,h0,9
11.068333333333335,9.711747572815533,901,1080,179,917,1122,205,42,977.000245364112,1018.00024024596,40.99999488184801,11.00000500090698,h0,12
5.71,15.955999999999998,901,1249,348,917,1041,124,38,980.000244380627,1017.000236236368,36.99999185574097,9.000009935207004,h0,10
10.604074074074074,17.096495726495725,901,1089,188,917,1033,116,29,968.000235332547,996.000243195064,28.000007862516892,5.999997924359036,h0,7
14.369424460431654,15.284885496183207,901,1039,138,917,1047,130,31,962.000237368425,992.000240169922,30.000002801496976,7.000002010022968,h0,8
10.370259067357512,17.665221238938052,901,1093,192,917,1029,112,25,969.000239275311,993.000244209232,24.000004933921105,6.000010961750036,h0,7
10.589787234042552,16.01848,901,1088,187,917,1041,124,25,984.000247366274,1008.000239172989,23.999991806715,6.000011003971963,h0,7
12.4189375,12.425403726708073,901,1060,159,917,1077,160,29,976.000241305344,1004.000236187723,27.999994882378928,5.999997963614987,h0,7
9.796960784313724,15.91808,901,1104,203,917,1041,124,23,971.000247327787,993.000244252617,21.999996924830043,5.000006966224078,h0,6
10.978516483516485,13.338466666666667,901,1082,181,917,1066,149,23,986.000242330699,1008.00023920282,21.99999687212096,5.00000693698496,h0,6
6.182142857142858,19.47514563106796,901,1222,321,917,1019,102,28,979.000240333735,1006.000244216299,27.0000038825641,5.999998005875,h0,7
6.2915822784810125,13.066405228758171,901,1216,315,917,1069,152,47,990.00024534456,1036.000247245955,46.00000190139508,10.999992005948002,h0,12
13.35771812080537,15.826349206349208,901,1049,148,917,1042,125,24,963.000241292931,986.000242223942,23.00000093101096,5.000006913767038,h0,6
9.894950495049503,17.521052631578947,901,1102,201,917,1030,113,21,988.000237306061,1008.000239258685,20.000001952624075,3.999989950792042,h0,5
10.929398907103824,12.86083870967742,901,1083,182,917,1071,154,27,1000.000246323016,1026.000246248938,25.99999992592211,5.000006985903951,h0,6
13.2976,7.27565693430657,901,1050,149,917,1190,273,39,984.000247366436,1022.000243255048,37.99999588861192,8.000005992395927,h0,9
7.391074074074074,17.976486486486486,901,1170,269,917,1027,110,33,970.000243340601,1002.000241202532,31.99999786193109,6.999988950220086,h0,8
7.600305343511449,16.01072580645161,901,1162,261,917,1040,123,35,980.000244328347,1014.000237233689,33.99999290534197,8.000006013932989,h0,9
10.505684210526317,18.53703703703704,901,1090,189,917,1024,107,31,968.000235335898,998.000238190306,30.00000285440808,7.000002023617071,h0,8
14.246214285714288,11.068666666666664,901,1040,139,917,1096,179,35,968.000235355733,1002.000241182721,34.000005826987945,7.999993025641061,h0,9
6.307879746835444,17.726725663716813,901,1216,315,917,1029,112,34,976.000241379711,1009.000243194043,33.000001814331995,8.999997019265948,h0,10
8.404661016949152,12.15830303030303,901,1136,235,917,1081,164,35,1015.000241321132,1049.000247227298,34.00000590616594,7.999992982821141,h0,9
9.601009615384616,15.17145038167939,901,1108,207,917,1047,130,35,981.000235364248,1015.000241208131,34.000005843882946,7.999992936997955,h0,9
7.365202952029519,15.23374045801527,901,1171,270,917,1047,130,41,971.000247363988,1011.00023821032,39.999990846332025,10.00000103523496,h0,11
11.146927374301676,19.574117647058824,901,1079,178,917,1018,101,24,958.000247323225,981.000235176486,22.999987853260905,5.999998029015046,h0,7
6.662608695652174,17.578407079646016,901,1199,298,917,1029,112,33,973.00024231786,1005.000240231591,31.99999791373091,7.999993033793999,h0,9
7.933187250996016,15.327153846153848,901,1151,250,917,1046,129,36,974.000246372303,1009.000243260584,34.99999688828109,7.00000198922703,h0,8
7.85156862745098,17.319391304347825,901,1155,254,917,1031,114,29,970.000243284957,998.000238204013,27.999994919056007,7.0000020317230565,h0,8
6.670735785953178,9.664271844660192,901,1199,298,917,1122,205,62,979.000240325084,1040.000237241608,60.99999691652397,15.000008011403906,h0,16
10.30321243523316,16.397603305785125,901,1093,192,917,1037,120,35,976.000241358524,1010.000247218177,34.000005859653015,7.000001993152978,h0,8
7.152589928057554,13.81722222222222,901,1178,277,917,1060,143,35,987.000246367221,1021.000239255603,33.99999288838194,5.999998059485051,h0,7
13.534489795918368,16.201463414634148,901,1047,146,917,1039,122,27,972.000238322045,998.00023819967,25.999999877624987,5.99999803045398,h0,7
6.403846153846154,16.761344537815127,901,1212,311,917,1035,118,34,985.000238353947,1018.000240247507,33.00000189356001,8.000006016668976,h0,9
11.972168674698796,9.749411764705885,901,1066,165,917,1120,203,42,982.000239337304,1023.000247251407,41.00000791410298,10.000001024783046,h0,11
8.820486725663716,15.627244094488187,901,1126,225,917,1043,126,39,980.00024430916,1018.000240259605,37.99999595044494,8.99999704086099,h0,10
10.056231155778894,8.05008032128514,901,1099,198,917,1165,248,45,991.00023635317,1035.000243194476,44.00000684130612,10.99999203192499,h0,12
11.058232044198895,13.993169014084506,901,1081,180,917,1058,141,32,985.000238332239,1016.000245257187,31.000006924948025,5.999998058651954,h0,7
9.446682464454977,17.590265486725663,901,1111,210,917,1029,112,32,979.000240304732,1010.0002472473,31.000006942568007,7.000001965311071,h0,8
7.483533834586466,9.705873786407768,901,1166,265,917,1122,205,56,997.000247379125,1052.000246221382,54.99999884225701,13.999991010657029,h0,15
7.299377289377289,17.457894736842107,901,1173,272,917,1030,113,35,973.000242336486,1007.000235251775,33.999992915289,8.00000601906197,h0,9
9.32570093457944,14.56021897810219,901,1114,213,917,1053,136,25,992.000240325702,1016.000245202454,24.000004876752087,4.999994032753989,h0,6
12.088353658536583,16.529090909090908,901,1064,163,917,1037,120,30,960.000242315865,989.000241265708,28.999998949843075,5.999997970072059,h0,7
8.294066390041493,15.969440000000002,901,1141,240,917,1041,124,25,985.000238323354,1009.000243185696,24.000004862342053,3.9999899765000464,h0,5
5.771008645533142,15.569609375,901,1247,346,917,1044,127,40,985.000238375701,1024.000238230906,38.99999985520503,8.000006024561003,h0,9
12.079277108433734,16.850084033613445,901,1066,165,917,1035,118,29,967.000244358815,995.000239239789,27.999994880973983,7.000001987443966,h0,8
7.175985663082437,17.695221238938053,901,1179,278,917,1029,112,35,972.000238343437,1006.000244216371,34.000005872934025,6.999989032240023,h0,8
10.614010695187169,14.82828358208955,901,1087,186,905,1038,133,34,971.000247375796,1004.000236218853,32.999988843057054,7.999993005760984,h0,9
8.609137931034482,15.332538461538462,901,1132,231,905,1034,129,32,965.000236310163,996.000243236643,31.000006926479955,7.999992988472968,h0,9
13.56013605442177,16.67125,901,1047,146,905,1024,119,29,955.000235308015,983.000243211539,28.000007903523965,7.00000203197601,h0,8
11.04661111111111,17.12957264957265,901,1080,179,905,1021,116,31,954.000244369209,984.000247243513,30.00000287430396,5.999997989620056,h0,7
9.611449275362318,13.36979865771812,901,1107,206,905,1053,148,32,987.000246377271,1018.000240248792,30.99999387152104,7.000001966736932,h0,8
11.068333333333335,15.362153846153848,901,1080,179,905,1034,129,30,970.00024330725,999.000242261964,28.999998954713988,5.999998042196012,h0,7
5.71,15.69031496062992,901,1249,348,905,1031,126,43,971.000247381584,1013.000246219057,41.99999883747296,8.999997023050014,h0,10
10.604074074074074,18.09681818181818,901,1089,188,905,1014,109,28,959.000238363026,986.00024223507,27.000003872043976,7.000002039811989,h0,8
14.369424460431654,13.228866666666669,901,1039,138,905,1054,149,32,959.000238376246,990.000245184262,31.000006808016,6.999989005492921,h0,8
10.370259067357512,15.468992248062015,901,1093,192,905,1033,128,28,958.000247333247,985.000238200379,26.999990867132052,5.000007007831982,h0,6
10.589787234042552,16.201463414634148,901,1088,187,905,1027,122,25,973.000242313567,997.000247256453,24.000004942885997,5.000007028756954,h0,6
12.4189375,14.094751773049646,901,1060,159,905,1045,140,23,967.000244285856,989.000241176149,21.999996890293005,4.999993931947074,h0,6
9.796960784313724,12.1025,901,1104,203,905,1068,163,28,988.000237332554,1015.000241264799,27.000003932245026,7.000001983097036,h0,8
10.978516483516485,16.05524193548387,901,1082,181,905,1028,123,37,960.0002423353,996.000243223488,36.00000088818808,8.999996975470026,h0,10
6.182142857142858,19.05580952380953,901,1222,321,905,1009,104,33,966.000240378915,998.000238256855,31.999997877940014,8.000005979743946,h0,9
6.2915822784810125,12.62753164556962,901,1216,315,905,1062,157,47,987.000246374402,1033.000235262729,45.999988888326925,10.000000963902949,h0,11
13.35771812080537,17.624778761061947,901,1049,148,905,1017,112,25,956.000239301519,980.00024423812,24.000004936601044,6.000010952715002,h0,7
9.894950495049503,16.00432,901,1102,201,905,1029,124,23,983.000243352103,1005.000240243247,21.999996891144065,4.000003018677944,h0,5
10.929398907103824,13.518571428571429,901,1083,182,905,1051,146,28,983.000243330257,1010.00024724486,27.000003914602985,6.000010972034943,h0,7
13.2976,15.60234375,901,1050,149,905,1032,127,27,956.000239384277,982.000239230012,25.99999984573492,5.000007009101978,h0,6
7.391074074074074,17.45452173913044,901,1170,269,905,1019,114,32,966.000240339734,997.000247213586,31.000006873852044,6.000010945517943,h0,7
7.600305343511449,14.732444444444443,901,1162,261,905,1039,134,35,979.000240330741,1013.000246227341,34.00000589659999,7.999993002258066,h0,9
10.505684210526317,17.417192982456143,901,1090,189,905,1018,113,30,957.000243304759,986.000242216772,28.999998912012984,7.000001998642006,h0,8
14.246214285714288,11.319887005649717,901,1040,139,905,1081,176,36,966.0002403637,1001.000237250639,34.999996886939016,9.000009979735978,h0,10
6.307879746835444,16.152439024390244,901,1216,315,905,1027,122,34,975.000237371723,1008.000239201547,33.00000182982399,8.000005979100024,h0,9
8.404661016949152,16.99307692307692,901,1136,235,905,1021,116,34,968.00023535539,1001.00023722632,33.000001870929964,7.0000019793750425,h0,8
9.601009615384616,13.964335664335666,901,1108,207,905,1047,142,36,978.000236345219,1013.000246233312,35.00000988809302,8.000006020726005,h0,9
7.365202952029519,15.055227272727272,901,1171,270,905,1036,131,36,968.000235345916,1003.000245245827,35.00000989991099,7.999992972410951,h0,9
11.146927374301676,17.860450450450447,901,1079,178,905,1015,110,27,952.000236310653,978.000236183137,25.999999872483954,7.0000020128931055,h0,8
6.662608695652174,16.213577235772362,901,1199,298,905,1027,122,35,970.000243364914,1004.000236236852,33.999992871937934,7.999993049284967,h0,9
7.933187250996016,14.25042857142857,901,1151,250,905,1044,139,36,974.000246376901,1009.000243249987,34.999996873085934,7.000001975465011,h0,8
7.85156862745098,15.97904,901,1155,254,905,1029,124,36,960.000242356842,995.000239255932,34.99999689908998,8.999997063287992,h0,10
6.670735785953178,8.728245614035087,901,1199,298,905,1132,227,62,980.000244370039,1041.000241236198,60.999996866159,14.99999500418096,h0,16
10.30321243523316,16.662773109243698,901,1093,192,905,1023,118,32,971.000247357257,1002.000241207626,30.99999385036904,5.000006998020922,h0,6
7.152589928057554,15.259694656488552,901,1178,277,905,1035,130,31,974.000246305186,1004.00023619716,29.999989891974,7.000001997040954,h0,8
13.534489795918368,14.85902985074627,901,1047,146,905,1038,133,24,969.000239285368,992.000240264037,23.000000978668936,5.000007054403,h0,6
6.403846153846154,14.677941176470588,901,1212,311,905,1040,135,35,975.000237366565,1009.000243251886,34.000005885321,8.000005971832934,h0,9
11.972168674698796,6.647366666666667,901,1066,165,905,1204,299,44,979.000240359143,1022.000243258435,43.00000289929199,10.000000963786988,h0,11
8.820486725663716,16.253658536585366,901,1126,225,905,1027,122,40,971.000247331506,1010.000247211251,38.99999987974502,8.999996966868025,h0,10
10.056231155778894,13.685172413793104,901,1099,198,905,1049,144,34,969.00023930488,1002.000241213779,33.00000190889898,11.00000500162298,h0,12
11.058232044198895,13.032287581699348,901,1081,180,905,1057,152,32,984.000247347851,1015.000241235753,30.999993887902065,5.999997996160005,h0,7
9.446682464454977,16.25349593495935,901,1111,210,905,1027,122,32,976.000241373658,1007.000235197258,30.999993823599997,7.000001993982892,h0,8
7.483533834586466,13.603561643835617,901,1166,265,905,1050,145,32,990.000245376958,1021.000239208239,30.999993831281017,7.000001966905984,h0,8
7.299377289377289,14.471521739130436,901,1173,272,905,1042,137,35,978.000236376348,1012.000242183427,34.00000580707899,7.999992955163975,h0,9
9.32570093457944,18.51527777777778,901,1114,213,905,1012,107,26,966.000240340119,991.000236183182,24.999995843062948,5.999998019759005,h0,7
12.088353658536583,15.96648,901,1064,163,905,1029,124,28,957.000243379644,984.000247185008,27.00000380536403,6.000010971490951,h0,7
8.294066390041493,16.24609756097561,901,1141,240,905,1027,122,39,966.000240326925,1004.000236216336,37.99999588941103,13.000000001017042,h0,14
5.771008645533142,15.252213740458014,901,1247,346,905,1035,130,40,980.000244366428,1019.000244239425,38.99999987299702,11.999995980651988,h0,13
12.079277108433734,17.736160714285713,901,1066,165,905,1016,111,30,961.000246312415,990.000245222686,28.99999891027096,6.999988981880961,h0,8
7.175985663082437,15.274580152671756,901,1179,278,905,1035,130,41,965.000236346263,1005.000240235218,40.00000388895501,8.99999697789201,h0,10
10.596382978723405,12.40577639751553,901,1088,187,899,1059,160,41,969.000239383949,1009.000243212311,40.00000382836208,8.999996977397018,h0,10
11.266590909090908,15.87816,901,1076,175,899,1023,124,28,968.000235309794,995.000239214483,27.00000390468904,6.000010976669046,h0,7
13.104117647058825,16.630166666666664,901,1053,152,899,1018,119,28,954.000244319063,981.000235221112,26.999990902049035,6.000010987905966,h0,7
8.970360360360361,16.012016129032258,901,1122,221,899,1022,123,33,956.000239331358,988.000237255487,31.999997924129048,8.000006011311939,h0,9
10.636702127659571,13.280794701986755,901,1088,187,899,1049,150,34,975.000237374695,1008.000239251879,33.00000187718399,7.000001942652034,h0,8
11.058944444444446,15.63328125,901,1080,179,899,1026,127,29,968.000235320902,996.000243214238,28.000007893336036,7.000001959968017,h0,8
7.782734374999999,15.547265625,901,1156,255,899,1026,127,38,951.000245319977,988.000237214638,36.99999189466098,10.000000981985975,h0,11
10.972762430939229,16.692689075630252,901,1081,180,899,1017,118,29,953.000240304936,981.000235178535,27.999994873599007,5.000006949518024,h0,6
14.065106382978724,15.365038759689922,901,1041,140,899,1027,128,32,960.000242348469,991.000236235565,30.999993887096025,6.999988961391068,h0,8
12.480000000000002,14.448913043478262,901,1059,158,899,1036,137,29,969.000239374552,997.000247214173,28.00000783962093,6.00001096575204,h0,7
7.524830188679245,15.33330769230769,901,1165,264,899,1028,129,28,966.000240320874,993.00024423889,27.000003918015977,4.999993990864027,h0,6
12.60620253164557,10.324404145077722,901,1058,157,899,1091,192,23,964.000245295793,986.000242200537,21.999996904743966,5.000006908475939,h0,6
11.826390532544378,17.572105263157894,901,1069,168,899,1012,113,27,952.000236354512,978.000236181084,25.99999982657198,5.9999980187840265,h0,7
8.397637130801687,17.543771929824562,901,1137,236,899,1012,113,34,959.000238333114,992.000240226027,33.00000189291302,8.00000599436305,h0,9
6.182142857142858,18.565514018691587,901,1222,321,899,1005,106,31,964.000245369806,994.000235186727,29.999989816921016,7.000002024615014,h0,8
7.293479853479853,12.658662420382164,901,1173,272,899,1055,156,46,986.000242367445,1031.000240205766,44.99999783832095,10.00000097077509,h0,11
8.842907488986786,18.384722222222223,901,1127,226,899,1006,107,34,960.000242316748,993.000244226694,33.00000190994604,7.999992998785956,h0,9
9.96445,17.549557522123894,901,1100,199,899,1011,112,32,967.000244347421,998.000238231997,30.99999388457593,7.000002011905963,h0,8
10.93775956284153,14.637941176470587,901,1083,182,899,1034,135,29,978.000236362225,1006.000244249389,28.00000788716397,5.999998000513983,h0,7
13.621027397260272,15.228625954198474,901,1046,145,899,1029,130,24,962.000237329992,985.0002382572,23.000000927207907,4.999993960284087,h0,6
7.273163636363637,14.601240875912408,901,1175,274,899,1035,136,45,967.000244376974,1011.000238216427,43.99999383945294,10.000001006883965,h0,11
9.746780487804878,12.723525641025642,901,1105,204,899,1054,155,36,961.000246350109,996.000243254555,34.99999690444599,8.000006026215942,h0,9
8.08578947368421,16.910677966101694,901,1147,246,899,1016,117,29,954.000244346575,982.000239214627,27.999994868052,6.000010981892046,h0,7
10.56915343915344,9.923930348258706,901,1089,188,899,1099,200,37,970.00024332375,1006.000244234461,36.000000910710924,8.00000597292103,h0,9
6.775392491467577,16.201951219512196,901,1193,292,899,1021,122,45,958.000247365411,1002.000241241276,43.9999938758649,13.999990978613935,h0,15
7.70453488372093,16.186178861788616,901,1158,257,899,1021,122,37,965.000236356785,1001.000237263285,36.00000090650008,7.000001988219992,h0,8
6.100579268292683,9.917761194029852,901,1228,327,899,1099,200,64,980.000244357843,1043.000236216593,62.99999185875004,15.999998972464027,h0,17
7.972200000000001,14.53868613138686,901,1150,249,899,1035,136,37,966.000240366753,1002.000241260077,36.000000893324,8.000005979916978,h0,9
11.332329545454549,17.13741379310345,901,1076,175,899,1014,115,23,954.000244267871,976.000241198017,21.99999693014593,5.000006955636991,h0,6
6.560559210526315,16.73344537815126,901,1204,303,899,1017,118,37,962.000237361655,998.000238202217,36.00000084056205,8.999997007992988,h0,10
10.485421052631578,13.718767123287671,901,1090,189,899,1044,145,36,970.00024337772,1005.000240198477,34.999996820756905,8.000005984789027,h0,9
7.85156862745098,13.799172413793103,901,1155,254,899,1043,144,33,965.000236375038,997.000247233392,32.00001085835402,7.000002010910976,h0,8
9.540717703349282,10.860597826086956,901,1109,208,899,1082,183,39,983.000243336884,1021.000239219249,37.999995882365056,5.999997968105049,h0,7
8.201818181818183,16.066290322580645,901,1142,241,899,1022,123,34,965.000236345809,998.000238173129,33.000001827320034,7.000002011317974,h0,8
7.8994841269841265,18.057454545454547,901,1152,251,899,1008,109,34,961.000246332283,994.000235229265,32.999988896981904,5.999998005044972,h0,7
12.82567741935484,8.898206278026906,901,1055,154,899,1121,222,36,972.000238352715,1007.000235253882,34.99999690116704,5.999997969898004,h0,7
6.403846153846154,15.227480916030537,901,1212,311,899,1029,130,34,972.000238350955,1005.000240192062,33.000001841107064,7.999992980819002,h0,9
8.478085106382979,6.6034219269103,901,1135,234,899,1199,300,56,1007.000235380489,1062.000247258295,55.00001187780606,13.999991032840173,h0,15
7.682605363984674,13.67351724137931,901,1161,260,899,1043,144,49,970.000243371175,1018.000240221375,47.99999685019998,8.999997015110011,h0,10
9.3246511627907,13.1941059602649,901,1115,214,899,1049,150,38,967.000244333852,1004.000236242949,36.99999190909693,10.999991995854998,h0,12
11.063370165745855,10.516137566137568,901,1081,180,899,1087,188,33,983.000243338032,1015.000241203171,31.999997865138997,5.9999979600779625,h0,7
9.076666666666666,11.979518072289157,901,1119,218,899,1064,165,31,1006.000244376805,1036.000247138915,30.000002762110057,7.000001997953063,h0,8
6.162724458204334,10.817989130434782,901,1223,322,899,1082,183,47,999.000242357213,1045.000244252166,46.00000189495313,11.000005021699964,h0,12
7.472781954887218,14.203642857142857,901,1166,265,899,1038,139,35,975.000237361162,1009.000243185792,34.000005824629966,7.9999929690529825,h0,9
12.53251572327044,17.21362068965517,901,1059,158,899,1014,115,23,963.000241369294,985.000238226151,21.999996856857024,4.000003002997005,h0,5
14.305214285714287,19.56343137254902,901,1040,139,899,1000,101,22,949.000237377726,970.000243233083,21.000005855357017,4.999994039206968,h0,6
8.910582959641253,15.563203125,901,1123,222,899,1026,127,34,964.000245365696,997.000247209146,33.00000184345004,7.000001975207056,h0,8
6.099268292682926,16.629833333333334,901,1228,327,899,1018,119,33,974.00024638147,1006.000244255169,31.999997873699044,5.999998057715061,h0,7
12.079277108433734,16.324344262295078,901,1066,165,899,1020,121,29,963.0002413487,991.000236217346,27.999994868646013,7.000002046221084,h0,8
6.534000000000001,18.8495283018868,901,1205,304,899,1004,105,33,960.000242355746,992.000240259943,31.999997904197016,7.999993048503029,h0,9
10.687486631016045,16.884830508474575,901,1087,186,890,1007,117,31,956.000239334587,986.000242247104,30.000002912516948,8.000005997391895,h0,9
11.74881656804734,14.108723404255317,901,1069,168,890,1030,140,34,966.000240378563,999.000242224661,33.00000184609792,8.000006013861025,h0,9
12.934967741935486,14.76148148148148,901,1055,154,890,1024,134,25,945.00024738608,969.000239213426,23.99999182734598,5.000006930018003,h0,6
10.046633165829144,15.745511811023622,901,1099,198,890,1016,126,28,958.00024736909,985.000238150414,26.999990781324072,7.000002037151944,h0,8
10.795760869565218,17.878482142857145,901,1084,183,890,1001,111,25,959.000238298316,983.000243260029,24.00000496171299,4.999994056836954,h0,6
11.066055555555556,17.30491379310345,901,1080,179,890,1005,115,28,951.00024529795,978.000236193714,26.99999089576409,5.999998033937004,h0,7
10.280974358974358,15.624015748031496,901,1095,194,890,1016,126,33,949.000237317391,981.000235194048,31.99999787665695,7.999992971621964,h0,9
8.528931623931625,16.730336134453783,901,1134,233,890,1008,118,28,955.000235380067,982.000239215099,27.000003835031976,5.000007000936989,h0,6
13.353422818791945,15.343692307692306,901,1049,148,890,1019,129,25,966.000240381053,990.000245201816,24.000004820763024,4.000003005078952,h0,5
13.343624161073826,13.459459459459458,901,1049,148,890,1037,147,25,947.000242352387,971.000247212807,24.000004860420063,5.000007038986951,h0,6
7.011473684210526,14.084295774647886,901,1185,284,890,1031,141,28,970.000243315802,997.000247237843,27.00000392204106,6.000010997473964,h0,7
12.73248407643312,11.991566265060245,901,1057,156,890,1055,165,33,967.000244360309,999.000242184957,31.99999782464795,7.0000019979250965,h0,8
11.186966292134832,16.104112903225808,901,1078,177,890,1013,123,27,953.000240327435,979.000240203594,25.999999876158995,5.9999980558869765,h0,7
11.030388888888888,15.058045112781954,901,1080,179,890,1022,132,33,965.000236363721,997.000247258475,32.00001089475404,4.999993951224951,h0,6
12.744230769230768,18.42851851851852,901,1056,155,890,997,107,24,950.00024133192,973.000242213783,23.000000881863,4.999993947934968,h0,6
12.151696969696967,12.608490566037736,901,1065,164,890,1048,158,43,968.000235376937,1010.000247243943,42.00001186700604,11.000005037594974,h0,12
13.976433566433563,17.211379310344828,901,1043,142,890,1005,115,25,952.000236276604,976.000241239977,24.00000496337293,5.9999979192590445,h0,7
7.280763636363637,17.40234782608696,901,1175,274,890,1004,114,34,958.000247378047,991.000236211846,32.999988833798966,8.99999700200408,h0,10
8.568620689655173,14.285971223021583,901,1132,231,890,1028,138,44,968.000235362739,1011.000238192563,43.000002829823984,10.000000979326956,h0,11
8.611991341991342,16.628916666666665,901,1131,230,890,1009,119,32,942.000235372479,973.000242234265,31.000006861786005,5.999997988314021,h0,7
8.524893617021275,14.069647887323942,901,1135,234,890,1031,141,38,971.000247375763,1008.000239220833,36.99999184506999,9.00000996131098,h0,10
8.078346774193548,16.475537190082644,901,1148,247,890,1010,120,24,958.000247287565,981.000235182731,22.999987895165987,5.99999799714999,h0,7
10.30559585492228,11.164887640449436,901,1093,192,890,1067,177,40,974.000246369258,1013.000246245866,38.99999987660806,10.000001004813951,h0,11
12.69369426751592,9.639565217391304,901,1057,156,890,1096,206,38,963.000241381562,1000.000246250673,37.00000486911097,8.999997011474079,h0,10
6.750945945945946,14.939999999999998,901,1196,295,890,1022,132,43,956.000239347662,998.00023825528,41.999998907617965,8.999996998097004,h0,10
13.328066666666665,15.51627906976744,901,1050,149,890,1018,128,30,955.000235379176,984.000247258939,29.00001187976295,5.999998027760967,h0,7
10.19127551020408,17.0765811965812,901,1096,195,890,1006,116,34,953.000240342072,986.000242215241,33.000001873169026,7.000001978182013,h0,8
9.09849315068493,14.72948148148148,901,1119,218,890,1024,134,41,959.000238304177,999.000242246552,40.00000394237509,10.999992000007978,h0,12
8.977533632286995,16.23829268292683,901,1123,222,890,1012,122,34,960.000242332929,993.000244263212,33.00000193028302,7.000001988238068,h0,8
8.793348017621145,13.89958041958042,901,1127,226,890,1032,142,27,953.000240307055,979.000240215437,25.999999908381938,5.999998016779045,h0,7
10.379375,12.690700636942672,901,1092,191,890,1046,156,36,974.000246360384,1009.000243197757,34.99999683737292,8.00000599766804,h0,9
10.3909375,14.775037037037038,901,1092,191,890,1024,134,41,950.000241373656,990.000245235391,40.00000386173508,10.000001040516054,h0,11
6.670735785953178,11.052055555555556,901,1199,298,890,1069,179,64,968.000235375642,1031.000240236683,63.000004861041134,16.000011984946013,h0,17
13.13467105263158,8.951973094170404,901,1052,151,890,1112,222,34,963.000241326074,996.000243229831,33.000001903756925,7.999993057673009,h0,9
7.673115384615385,16.828644067796613,901,1160,259,890,1007,117,33,958.000247382403,990.000245182625,31.99999780022199,7.000002026922971,h0,8
7.658769230769231,17.12956896551724,901,1160,259,890,1005,115,30,959.000238331227,988.000237181879,28.99999885065199,6.999988983974959,h0,8
6.403814102564103,16.220813008130083,901,1212,311,890,1012,122,45,952.000236334056,996.000243260314,44.00000692625804,11.999996024198936,h0,13
11.283954802259888,6.334936305732484,901,1077,176,890,1203,313,41,988.000237351755,1028.000241225332,40.00000387357704,9.000010041802966,h0,10
7.076395759717314,16.40049180327869,901,1183,282,890,1011,121,34,961.000246370198,994.000235248666,32.99998887846789,7.000002078768034,h0,8
8.769298245614035,13.953706293706292,901,1128,227,890,1032,142,35,957.000243374895,991.000236195109,33.99999282021395,7.000002033635951,h0,8
11.331647727272728,12.190060975609756,901,1076,175,890,1053,163,32,982.000239313679,1013.000246253648,31.00000693996901,5.99999800009698,h0,7
6.846780821917809,17.273362068965515,901,1192,291,890,1005,115,33,959.000238321131,991.000236200476,31.999997879345077,7.999993009319951,h0,9
7.763682170542635,12.922322580645162,901,1158,257,890,1044,154,32,979.000240374037,1010.000247214673,31.000006840635933,5.99999795830206,h0,7
9.15672811059908,16.049032258064518,901,1117,216,890,1013,123,36,951.000245329828,986.000242217198,34.99999688737,8.999997030211944,h0,10
9.327149532710282,17.855,901,1114,213,890,1001,111,31,950.000241287094,980.000244234614,30.000002947519988,5.999997971471998,h0,7
13.082236842105264,18.21618181818182,901,1052,151,890,999,109,21,954.000244311792,974.000246141846,20.00000183005397,4.000003053110959,h0,5
10.0059,14.541313868613138,901,1100,199,890,1026,136,41,956.000239353762,996.000243223907,40.00000387014495,8.999996993503032,h0,10
11.094469273743016,18.162363636363636,901,1079,178,890,999,109,26,952.000236370096,977.000245179444,25.00000880934806,5.000006981672982,h0,6
12.112727272727271,20.926,901,1065,164,890,984,94,21,946.000238305067,966.000240196978,20.000001891910983,4.0000029619959605,h0,5
7.652183908045978,18.42648148148148,901,1161,260,890,997,107,32,953.00024031667,984.000247233532,31.00000691686205,7.000002040673962,h0,8
7.198597122302158,17.26026086956522,901,1178,277,894,1008,114,33,959.000238369715,991.000236231082,31.999997861366975,7.000002074717031,h0,8
8.677173913043477,13.562770270270272,901,1130,229,894,1041,147,32,961.000246325863,992.000240197346,30.99999387148296,6.999989021329043,h0,8
12.67240506329114,18.216454545454543,901,1058,157,894,1003,109,25,949.000237334862,973.000242175598,24.000004840735983,5.999998039922957,h0,7
10.89016304347826,15.903199999999998,901,1084,183,894,1018,124,30,955.000235312473,984.000247209601,29.000011897127933,7.000001971770985,h0,8
11.601976744186048,13.272999999999998,901,1072,171,894,1043,149,29,963.000241360028,991.000236236802,27.999994876774053,5.999998042019001,h0,7
11.120444444444448,12.374012345679011,901,1080,179,894,1055,161,36,964.00024537689,999.000242187274,34.999996810384005,9.000010022800097,h0,10
7.541018867924528,14.829029850746268,901,1165,264,894,1027,133,31,967.000244357905,997.000247220816,30.00000286291106,7.000001978732939,h0,8
8.341046025104601,17.119655172413797,901,1139,238,894,1009,115,25,954.000244294048,978.000236245562,23.999991951513948,5.999997957947926,h0,7
13.69972602739726,15.799444444444443,901,1046,145,894,1019,125,25,966.000240380593,990.000245185009,24.000004804415997,4.000002989731911,h0,5
9.358732394366196,15.450542635658916,901,1113,212,894,1022,128,27,962.00023729342,988.00023721367,25.99999992024993,5.99999799223508,h0,7
7.0455281690140845,16.08524193548387,901,1184,283,894,1017,123,29,961.00024631429,989.000241200064,27.99999488577396,7.000001976030035,h0,8
12.621962025316456,11.708529411764706,901,1058,157,894,1063,169,32,966.000240349432,997.000247264494,31.00000691506193,6.000010979710964,h0,7
11.663216374269004,16.812941176470588,901,1071,170,894,1012,118,25,952.000236283981,976.000241203161,24.0000049191799,5.999997935601073,h0,7
11.101555555555557,16.32516393442623,901,1080,179,894,1015,121,32,960.000242311468,991.000236264057,30.99999395258897,8.000005984350992,h0,9
13.310133333333331,17.94981981981982,901,1050,149,894,1004,110,25,951.000245355772,975.000237229977,23.99999187420497,4.999994076783992,h0,6
11.204748603351955,11.455714285714286,901,1079,178,894,1068,174,37,984.00024731824,1020.000235227175,35.999987908935054,8.999996962875002,h0,10
8.948783783783785,17.039145299145304,901,1122,221,894,1010,116,33,953.000240351777,985.000238201999,31.99999785022192,7.999993023179059,h0,9
8.896355555555555,18.00693693693694,901,1125,224,894,1004,110,24,960.00024232165,983.00024319742,23.00000087576996,4.000002982122965,h0,5
8.804778761061947,14.029577464788732,901,1126,225,894,1035,141,37,980.000244359809,1016.000245261333,36.000000901524004,8.999997032099031,h0,10
11.976047904191615,14.678529411764703,901,1067,166,894,1029,135,28,961.000246285347,988.000237252863,26.99999096751605,5.999998069935941,h0,7
7.195415162454873,16.160406504065044,901,1177,276,894,1016,122,33,964.000245384032,996.000243239996,31.99999785596401,5.999997993149009,h0,7
8.256141078838175,12.400372670807451,901,1141,240,894,1054,160,33,968.000235345015,1000.000246217945,32.000010872930034,7.000001993259048,h0,8
10.552010582010585,16.51404958677686,901,1089,188,894,1014,120,26,950.000241301313,975.000237184738,24.99999588342496,4.99999401342302,h0,6
14.148510638297868,10.25574358974359,901,1041,140,894,1088,194,36,962.000237372733,997.000247186323,35.000009813590054,8.000005957791927,h0,9
6.311293375394322,15.98336,901,1217,316,894,1018,124,43,962.000237365976,1004.000236234366,41.99999886838998,8.999996951697995,h0,10
7.709186046511628,15.245846153846154,901,1158,257,894,1023,129,35,969.000239341931,1003.000245255355,34.00000591342405,6.999988991523082,h0,8
6.559639344262295,11.47271676300578,901,1205,304,894,1066,172,38,995.000239364971,1032.000244203712,37.00000483874112,8.999996954164999,h0,10
7.490413533834586,14.17432624113475,901,1166,265,894,1034,140,36,965.000236374015,1000.00024625424,35.00000988022498,7.00000194868494,h0,8
10.125454545454543,14.819029850746269,901,1098,197,894,1027,133,28,967.000244376255,994.000235233215,26.99999085696004,5.000007013214031,h0,6
6.577138157894736,16.87618644067797,901,1204,303,894,1011,117,37,961.000246359228,997.000247202896,36.00000084366809,9.0000100169691,h0,10
10.486157894736843,13.50885135135135,901,1090,189,894,1041,147,36,972.000238370767,1007.000235201619,34.99999683085207,7.999992998966945,h0,9
10.368911917098446,14.690367647058824,901,1093,192,894,1029,135,36,959.00023835722,994.000235211693,34.99999685447301,6.00001094941706,h0,7
7.913492063492064,11.149273743016762,901,1152,251,894,1072,178,60,968.000235359871,1027.000237257947,59.00000189807599,15.999998985588036,h0,17
8.56602564102564,15.40356589147287,901,1134,233,894,1022,128,35,964.000245346762,998.000238234636,33.99999288787399,7.000001972087034,h0,8
7.495751879699248,17.271652173913044,901,1166,265,894,1008,114,36,958.000247383512,993.000244239292,34.999996855779955,7.000001954484105,h0,8
9.496398104265404,17.752053571428572,901,1111,210,894,1005,111,31,959.000238379163,989.000241228393,30.000002849229983,7.000002032517955,h0,8
6.413717948717949,16.75672268907563,901,1212,311,894,1012,118,30,967.00024430842,996.000243256302,28.99999894788209,5.999998027857032,h0,7
9.316915887850469,9.185345622119817,901,1114,213,894,1110,216,48,1008.00023937059,1055.000245228493,47.00000585790304,9.000009988953934,h0,10
8.339791666666667,16.671333333333333,901,1140,239,894,1013,119,33,963.0002413522,995.000239199933,31.999997847733084,6.000010953029005,h0,7
11.439999999999998,14.122340425531917,901,1074,173,894,1034,140,40,961.000246307727,1000.000246187811,38.99999988008392,12.000008977580023,h0,13
10.655882352941177,12.394968944099377,901,1087,186,894,1054,160,32,982.000239373538,1013.000246215847,31.000006842309062,7.00000193839503,h0,8
9.579615384615384,16.49082644628099,901,1108,207,894,1014,120,34,966.000240314778,999.000242220863,33.000001906085004,7.0000020638830165,h0,8
8.857911111111113,12.879354838709675,901,1125,224,894,1048,154,36,980.000244381881,1015.000241190951,34.99999680907001,6.999988951371051,h0,8
9.342897196261683,16.661749999999998,901,1114,213,894,1013,119,30,956.000239345869,985.000238244107,28.999998898238005,4.9999939297509854,h0,6
11.80029761904762,17.25051724137931,901,1068,167,894,1009,115,21,946.000238269489,966.000240198886,20.000001929396944,4.000002999165986,h0,5
11.714529411764708,18.416944444444443,901,1070,169,894,1001,107,23,948.000246333502,970.000243186354,21.999996852852064,4.999994088550011,h0,6
10.3679792746114,15.169312977099237,901,1093,192,894,1024,130,33,963.000241335629,995.000239209981,31.99999787435206,9.00000995432697,h0,10
7.8461960784313725,8.468382978723405,901,1155,254,894,1128,234,58,1003.000245355855,1060.000239217894,56.99999386203899,14.000003979096164,h0,15
10.585555555555556,21.83098901098901,901,1089,188,894,984,90,20,951.000245353419,970.000243145775,18.999997792356,4.000002962157055,h0,5
6.703703703703703,18.893962264150943,901,1197,296,894,999,105,34,951.000245356707,984.000247194356,33.00000183764905,7.999992985302924,h0,9
10.614010695187169,15.509453125,901,1087,186,912,1039,127,34,972.000238378868,1005.000240216896,33.00000183802808,7.999993010898038,h0,9
8.609137931034482,16.374049586776856,901,1132,231,912,1032,120,33,967.0002443842,999.000242238386,31.999997854186063,7.000002051178967,h0,8
13.56013605442177,14.052676056338028,901,1047,146,912,1053,141,26,974.00024630695,999.000242239123,24.99999593217308,5.000007024248021,h0,6
11.04661111111111,17.319999999999997,901,1080,179,912,1026,114,30,956.000239327412,985.00023817951,28.99999885209797,7.000002033749979,h0,8
9.611449275362318,14.280359712230217,901,1107,206,912,1050,138,32,987.000246362561,1018.000240186817,30.999993824255967,8.000005956131076,h0,9
11.068333333333335,12.410875,901,1080,179,912,1071,159,29,994.000235335021,1022.000243233579,28.00000789855801,6.000010965384945,h0,7
5.71,16.252704918032787,901,1249,348,912,1033,121,40,977.000245335121,1016.000245261038,38.999999925917,8.999996997699895,h0,10
10.604074074074074,19.13923076923077,901,1089,188,912,1015,103,28,960.000242364533,987.000246259833,27.000003895299983,6.99998903652795,h0,8
14.369424460431654,14.418992805755398,901,1039,138,912,1050,138,28,971.000247333285,998.00023821055,26.99999087726508,7.000001994329978,h0,8
10.370259067357512,16.78126050420168,901,1093,192,912,1030,118,28,960.000242327747,987.000246197425,27.00000386967804,5.999998090822032,h0,7
10.589787234042552,15.60015625,901,1088,187,912,1039,127,25,975.000237380525,999.000242195811,24.000004815285934,5.000007020261933,h0,6
12.4189375,14.073309859154932,901,1060,159,912,1053,141,26,968.000235378551,993.000244254671,25.000008876119978,5.00000692423896,h0,6
9.796960784313724,15.490232558139535,901,1104,203,912,1040,128,23,970.000243356189,992.000240227058,21.99999687086904,4.000003023619001,h0,5
10.978516483516485,18.720660377358488,901,1082,181,912,1017,105,29,965.000236349804,993.000244189467,28.000007839663,6.000011012214031,h0,7
6.182142857142858,18.82,901,1222,321,912,1017,105,28,978.000236329759,1005.000240227964,27.000003898205023,5.999998037863065,h0,7
6.2915822784810125,12.988954248366014,901,1216,315,912,1064,152,46,990.000245344446,1035.000243250389,44.99999790594313,10.00000094197992,h0,11
13.35771812080537,16.056129032258063,901,1049,148,912,1035,123,24,962.000237314834,985.000238198761,23.0000008839271,5.000007085663015,h0,6
9.894950495049503,14.674705882352942,901,1102,201,912,1047,135,26,991.000236347596,1016.000245220888,25.000008873292018,4.000003021978046,h0,5
10.929398907103824,16.659159663865545,901,1083,182,912,1030,118,28,980.000244370068,1007.000235231001,26.999990860933053,6.000011047322005,h0,7
13.2976,7.394052044609665,901,1050,149,912,1180,268,38,984.000247320987,1021.000239253182,36.99999193219503,7.999992934124975,h0,9
7.391074074074074,16.97805084745763,901,1170,269,912,1029,117,33,972.000238338643,1004.000236207673,31.99999786902993,7.000001952874982,h0,8
7.600305343511449,14.982556390977445,901,1162,261,912,1044,132,35,983.000243346252,1017.000236228582,33.99999288233005,7.999992996661035,h0,9
10.505684210526317,18.338807339449534,901,1090,189,912,1020,108,31,967.000244305931,997.000247177316,30.00000287138505,7.999992986449001,h0,9
14.246214285714288,10.864945652173914,901,1040,139,912,1095,183,36,966.000240382855,1001.000237194742,34.999996811886945,8.99999703951903,h0,10
6.307879746835444,17.117264957264958,901,1216,315,912,1028,116,34,975.000237369369,1008.000239191988,33.00000182261908,8.000005985345979,h0,9
8.404661016949152,17.351130434782608,901,1136,235,912,1026,114,27,980.000244308911,1006.000244226316,25.999999917405034,5.999997956268089,h0,7
9.601009615384616,14.417246376811594,901,1108,207,912,1049,137,35,980.000244362526,1014.000237185675,33.999992823149,8.999996991891067,h0,10
7.365202952029519,15.775275590551184,901,1171,270,912,1038,126,35,970.000243355969,1004.000236234796,33.999992878827015,7.000002034375029,h0,8
11.146927374301676,19.09257142857143,901,1079,178,912,1016,104,27,954.000244332721,980.000244205627,25.999999872906077,7.000002008884962,h0,8
6.662608695652174,16.992393162393164,901,1199,298,912,1028,116,35,971.00024736602,1005.000240228238,33.99999286221805,8.000006032641068,h0,9
7.933187250996016,14.786592592592593,901,1151,250,912,1046,134,36,974.000246373159,1009.000243255071,34.99999688191201,7.0000019804510885,h0,8
7.85156862745098,14.49108695652174,901,1155,254,912,1049,137,36,961.000246344561,996.000243248323,34.99999690376205,8.999997044715087,h0,10
6.670735785953178,11.860892857142856,901,1199,298,912,1079,167,62,976.000241338787,1037.000238239959,60.999996901171926,14.9999949879699,h0,16
10.30321243523316,15.771349206349209,901,1093,192,912,1037,125,35,976.000241358354,1010.000247224299,34.00000586594501,7.000002003865006,h0,8
7.152589928057554,16.113225806451613,901,1178,277,912,1035,123,31,974.000246299976,1004.000236201177,29.999989901201047,7.000002005077931,h0,8
13.534489795918368,11.651046511627907,901,1047,146,912,1083,171,36,972.000238382635,1007.000235216154,34.99999683351905,5.999997984413994,h0,7
6.403846153846154,16.447438016528928,901,1212,311,912,1032,120,34,976.000241372473,1009.000243200657,33.00000182818394,7.999992964350099,h0,9
11.972168674698796,10.345833333333331,901,1066,165,912,1103,191,42,981.000235349303,1022.000243244951,41.00000789564797,10.000001003598982,h0,11
8.820486725663716,15.076315789473687,901,1126,225,912,1044,132,39,980.000244310741,1018.000240257225,37.99999594648398,8.999997039290974,h0,10
10.056231155778894,11.12427777777778,901,1099,198,912,1091,179,32,1004.000236364705,1035.00024326218,31.000006897475032,4.99999400002207,h0,6
11.058232044198895,11.016795580110497,901,1081,180,912,1092,180,33,985.000238310415,1017.000236232866,31.99999792245092,6.999989004998042,h0,8
9.446682464454977,16.887881355932205,901,1111,210,912,1029,117,32,976.000241372313,1007.000235199094,30.999993826781065,7.0000019974070256,h0,8
7.483533834586466,9.52904761904762,901,1166,265,912,1121,209,56,996.000243376599,1051.000242229236,54.99999885263696,12.999999978929054,h0,14
7.299377289377289,16.87813559322034,901,1173,272,912,1029,117,35,972.000238329819,1006.000244240068,34.000005910249,7.999993024375044,h0,9
9.32570093457944,12.341490683229814,901,1114,213,912,1072,160,38,992.000240379412,1029.000245261635,37.000004882222925,9.00001000364,h0,10
12.088353658536583,11.540523255813952,901,1064,163,912,1083,171,41,966.000240369481,1006.000244200572,40.00000383109091,10.00000097496104,h0,11
8.294066390041493,15.901031746031746,901,1141,240,912,1037,125,29,979.000240351416,1007.000235199109,27.999994847693078,5.000006949704016,h0,6
5.771008645533142,15.900317460317456,901,1247,346,912,1037,125,34,984.000247346672,1017.000236190144,32.99998884347201,7.000001997504,h0,8
12.079277108433734,17.294956521739127,901,1066,165,912,1026,114,31,964.000245344623,994.000235229224,29.999989884601064,7.000001994332024,h0,8
7.175985663082437,17.28947826086957,901,1179,278,912,1026,114,38,967.000244338669,1004.000236219196,36.99999188052709,8.999996963827016,h0,10
10.614010695187169,14.336906474820148,901,1087,186,910,1048,138,31,982.00023934184,1012.000242229075,30.000002887234928,5.999998004419922,h0,7
8.609137931034482,16.319590163934425,901,1132,231,910,1031,121,33,966.000240384741,998.000238244098,31.999997859356995,7.000002049584055,h0,8
13.56013605442177,11.407942857142856,901,1047,146,910,1084,174,33,976.000241361141,1008.000239195098,31.999997833956968,8.000006001781003,h0,9
11.04661111111111,17.04136752136752,901,1080,179,910,1026,116,30,956.000239326368,985.000238183106,28.99999885673799,7.000002035402076,h0,8
9.611449275362318,14.086197183098593,901,1107,206,910,1051,141,37,983.000243383063,1019.000244203846,36.00000082078304,7.999992940964944,h0,9
11.068333333333335,15.973840000000004,901,1080,179,910,1034,124,30,970.00024330826,999.000242260692,28.99999895243195,5.999998039840989,h0,7
5.71,11.989461077844313,901,1249,348,910,1076,166,49,992.000240369702,1040.000237264345,47.999996894643004,11.99999598413808,h0,13
10.604074074074074,18.957619047619048,901,1089,188,910,1014,104,28,959.000238366956,986.000242236947,27.00000386999102,7.000002049847012,h0,8
14.369424460431654,14.28661870503597,901,1039,138,910,1048,138,27,971.000247352051,997.000247185397,25.99999983334601,5.999998043683945,h0,7
10.370259067357512,17.26495652173913,901,1093,192,910,1024,114,28,959.000238330217,986.000242197868,27.000003867651003,5.999998093487989,h0,7
10.589787234042552,15.176870229007632,901,1088,187,910,1040,130,24,975.000237294732,998.000238201005,23.000000906273044,3.9999900166179714,h0,5
12.4189375,11.605872093023256,901,1060,159,910,1081,171,25,968.000235312455,992.000240225238,24.000004912783083,5.000007062275927,h0,6
9.796960784313724,10.49557894736842,901,1104,203,910,1099,189,50,991.000236324937,1040.000237206637,49.000000881699975,13.99999101405001,h0,15
10.978516483516485,17.56424778761062,901,1082,181,910,1022,112,30,965.000236338968,994.00023524854,28.99999890957201,6.000011001049074,h0,7
6.182142857142858,18.466111111111108,901,1222,321,910,1017,107,28,978.000236330151,1005.000240225614,27.00000389546301,5.999998037785076,h0,7
6.2915822784810125,12.764076433121016,901,1216,315,910,1066,156,46,991.000236351576,1036.000247243252,45.00001089167608,10.000001048815989,h0,11
13.35771812080537,17.280173913043477,901,1049,148,910,1024,114,24,962.000237317353,985.000238196421,23.00000087906801,5.000007080868045,h0,6
9.894950495049503,14.68755555555556,901,1102,201,910,1044,134,26,990.000245347093,1015.000241258933,24.99999591183996,4.999993984020989,h0,6
10.929398907103824,14.177801418439714,901,1083,182,910,1050,140,21,994.00023534899,1014.000237156334,20.00000180734401,4.000003002502012,h0,5
13.2976,15.639140625,901,1050,149,910,1037,127,26,959.000238335851,984.000247219866,25.00000888401496,5.999998055327978,h0,7
7.391074074074074,16.673583333333333,901,1170,269,910,1029,119,38,967.000244338058,1004.000236211547,36.999991873488966,7.000001926769073,h0,8
7.600305343511449,15.296461538461536,901,1162,261,910,1039,129,35,979.000240325002,1013.000246235177,34.00000591017499,7.999993011691004,h0,9
10.505684210526317,10.532894736842104,901,1090,189,910,1099,189,43,980.000244341244,1022.00024326661,41.99999892536607,10.00000093861206,h0,11
14.246214285714288,11.51844827586207,901,1040,139,910,1083,173,35,967.000244350228,1001.000237193523,33.999992843295104,8.999997006325998,h0,10
6.307879746835444,16.929830508474573,901,1216,315,910,1027,117,34,974.000246361433,1007.000235195726,32.999988834292935,7.999993001993971,h0,9
8.404661016949152,17.76142857142857,901,1136,235,910,1021,111,34,968.000235361549,1001.000237226711,33.00000186516195,7.000001978770001,h0,8
9.601009615384616,12.875612903225807,901,1108,207,910,1064,154,28,996.000243334538,1023.000247208432,27.000003873894,7.000002002676069,h0,8
7.365202952029519,15.125909090909092,901,1171,270,910,1041,131,34,974.000246381039,1007.000235209997,32.99998882895795,7.000002027622941,h0,8
11.146927374301676,18.32119266055046,901,1079,178,910,1018,108,24,958.000247318197,981.000235181431,22.99998786323397,5.99999803559092,h0,7
6.662608695652174,13.405973154362416,901,1199,298,910,1058,148,33,994.000235320069,1026.000246247318,32.00001092724904,7.000001997316076,h0,8
7.933187250996016,14.681985294117649,901,1151,250,910,1045,135,36,971.000247375576,1006.000244251814,34.999996876238015,7.0000019479720095,h0,8
7.85156862745098,16.539,901,1155,254,910,1029,119,36,960.000242357803,995.000239257271,34.99999689946799,8.000006003234944,h0,9
6.670735785953178,12.082831325301203,901,1199,298,910,1075,165,63,973.000242364592,1035.000243218042,62.00000085344993,14.99999499543094,h0,16
10.30321243523316,15.238931297709923,901,1093,192,910,1040,130,33,978.000236322582,1010.000247214097,32.00001089151499,7.000001979026024,h0,8
7.152589928057554,16.862457627118644,901,1178,277,910,1027,117,32,975.000237299961,1006.000244254811,31.00000695485005,7.999993031752069,h0,9
13.534489795918368,9.19520737327189,901,1047,146,910,1126,216,36,972.000238382799,1007.000235215656,34.99999683285694,5.999997983488015,h0,7
6.403846153846154,15.715748031496064,901,1212,311,910,1036,126,42,974.00024637187,1015.000241227093,40.99999485522301,11.000004983047006,h0,12
11.972168674698796,7.689420849420849,901,1066,165,910,1168,258,44,979.00024035915,1022.000243259245,43.00000290009507,10.000000964883045,h0,11
8.820486725663716,16.609666666666666,901,1126,225,910,1029,119,40,973.000242331962,1012.000242221996,38.99999989003402,7.999993011731021,h0,9
10.056231155778894,15.0296992481203,901,1099,198,910,1042,132,30,970.000243301707,999.000242188867,28.999998887160015,7.000002062603016,h0,8
11.058232044198895,10.464894736842105,901,1081,180,910,1099,189,33,984.000247326586,1016.000245217233,31.999997890647023,5.999998044192012,h0,7
9.446682464454977,16.61841666666667,901,1111,210,910,1029,119,32,976.000241372874,1007.00023519834,30.999993825465936,7.000001996083938,h0,8
7.483533834586466,11.640701754385963,901,1166,265,910,1080,170,43,992.000240364841,1034.000239219262,41.99999885442105,8.999997004387978,h0,10
7.299377289377289,16.05416,901,1173,272,910,1034,124,35,975.00023735126,1009.000243250278,34.00000589901799,7.999992988079043,h0,9
9.32570093457944,9.387358490566037,901,1114,213,910,1121,211,38,991.000236383692,1028.000241202934,37.00000481924189,8.000006031563998,h0,9
12.088353658536583,16.410330578512397,901,1064,163,910,1030,120,28,958.000247353354,985.000238195048,26.999990841694057,5.99999801328795,h0,7
8.294066390041493,14.628014705882352,901,1141,240,910,1045,135,30,981.000235353741,1010.000247237811,29.000011884069977,5.999998036092052,h0,7
5.771008645533142,16.481818181818184,901,1247,346,910,1030,120,34,981.000235377909,1014.000237194618,33.00000181670896,7.00000202625597,h0,8
12.079277108433734,16.996068376068376,901,1066,165,910,1026,116,31,964.000245344487,994.000235229388,29.99998988490097,7.000001994920012,h0,8
7.175985663082437,12.54635220125786,901,1179,278,910,1068,158,45,972.000238344042,1016.000245229703,44.00000688566092,11.00000503169406,h0,12
10.687486631016045,16.884830508474575,901,1087,186,890,1007,117,31,956.000239334587,986.000242247104,30.000002912516948,8.000005997391895,h0,9
11.74881656804734,14.108723404255317,901,1069,168,890,1030,140,34,966.000240378563,999.000242224661,33.00000184609792,8.000006013861025,h0,9
12.934967741935486,14.76148148148148,901,1055,154,890,1024,134,25,945.00024738608,969.000239213426,23.99999182734598,5.000006930018003,h0,6
10.046633165829144,15.745511811023622,901,1099,198,890,1016,126,28,958.00024736909,985.000238150414,26.999990781324072,7.000002037151944,h0,8
10.795760869565218,17.878482142857145,901,1084,183,890,1001,111,25,959.000238298316,983.000243260029,24.00000496171299,4.999994056836954,h0,6
11.066055555555556,17.30491379310345,901,1080,179,890,1005,115,28,951.00024529795,978.000236193714,26.99999089576409,5.999998033937004,h0,7
10.280974358974358,15.624015748031496,901,1095,194,890,1016,126,33,949.000237317391,981.000235194048,31.99999787665695,7.999992971621964,h0,9
8.528931623931625,16.730336134453783,901,1134,233,890,1008,118,28,955.000235380067,982.000239215099,27.000003835031976,5.000007000936989,h0,6
13.353422818791945,15.343692307692306,901,1049,148,890,1019,129,25,966.000240381053,990.000245201816,24.000004820763024,4.000003005078952,h0,5
13.343624161073826,13.459459459459458,901,1049,148,890,1037,147,25,947.000242352387,971.000247212807,24.000004860420063,5.000007038986951,h0,6
7.011473684210526,14.084295774647886,901,1185,284,890,1031,141,28,970.000243315802,997.000247237843,27.00000392204106,6.000010997473964,h0,7
12.73248407643312,11.991566265060245,901,1057,156,890,1055,165,33,967.000244360309,999.000242184957,31.99999782464795,7.0000019979250965,h0,8
11.186966292134832,16.104112903225808,901,1078,177,890,1013,123,27,953.000240327435,979.000240203594,25.999999876158995,5.9999980558869765,h0,7
11.030388888888888,15.058045112781954,901,1080,179,890,1022,132,33,965.000236363721,997.000247258475,32.00001089475404,4.999993951224951,h0,6
12.744230769230768,18.42851851851852,901,1056,155,890,997,107,24,950.00024133192,973.000242213783,23.000000881863,4.999993947934968,h0,6
12.151696969696967,12.608490566037736,901,1065,164,890,1048,158,43,968.000235376937,1010.000247243943,42.00001186700604,11.000005037594974,h0,12
13.976433566433563,17.211379310344828,901,1043,142,890,1005,115,25,952.000236276604,976.000241239977,24.00000496337293,5.9999979192590445,h0,7
7.280763636363637,17.40234782608696,901,1175,274,890,1004,114,34,958.000247378047,991.000236211846,32.999988833798966,8.99999700200408,h0,10
8.568620689655173,14.285971223021583,901,1132,231,890,1028,138,44,968.000235362739,1011.000238192563,43.000002829823984,10.000000979326956,h0,11
8.611991341991342,16.628916666666665,901,1131,230,890,1009,119,32,942.000235372479,973.000242234265,31.000006861786005,5.999997988314021,h0,7
8.524893617021275,14.069647887323942,901,1135,234,890,1031,141,38,971.000247375763,1008.000239220833,36.99999184506999,9.00000996131098,h0,10
8.078346774193548,16.475537190082644,901,1148,247,890,1010,120,24,958.000247287565,981.000235182731,22.999987895165987,5.99999799714999,h0,7
10.30559585492228,11.164887640449436,901,1093,192,890,1067,177,40,974.000246369258,1013.000246245866,38.99999987660806,10.000001004813951,h0,11
12.69369426751592,9.639565217391304,901,1057,156,890,1096,206,38,963.000241381562,1000.000246250673,37.00000486911097,8.999997011474079,h0,10
6.750945945945946,14.939999999999998,901,1196,295,890,1022,132,43,956.000239347662,998.00023825528,41.999998907617965,8.999996998097004,h0,10
13.328066666666665,15.51627906976744,901,1050,149,890,1018,128,30,955.000235379176,984.000247258939,29.00001187976295,5.999998027760967,h0,7
10.19127551020408,17.0765811965812,901,1096,195,890,1006,116,34,953.000240342072,986.000242215241,33.000001873169026,7.000001978182013,h0,8
9.09849315068493,14.72948148148148,901,1119,218,890,1024,134,41,959.000238304177,999.000242246552,40.00000394237509,10.999992000007978,h0,12
8.977533632286995,16.23829268292683,901,1123,222,890,1012,122,34,960.000242332929,993.000244263212,33.00000193028302,7.000001988238068,h0,8
8.793348017621145,13.89958041958042,901,1127,226,890,1032,142,27,953.000240307055,979.000240215437,25.999999908381938,5.999998016779045,h0,7
10.379375,12.690700636942672,901,1092,191,890,1046,156,36,974.000246360384,1009.000243197757,34.99999683737292,8.00000599766804,h0,9
10.3909375,14.775037037037038,901,1092,191,890,1024,134,41,950.000241373656,990.000245235391,40.00000386173508,10.000001040516054,h0,11
6.670735785953178,11.052055555555556,901,1199,298,890,1069,179,64,968.000235375642,1031.000240236683,63.000004861041134,16.000011984946013,h0,17
13.13467105263158,8.951973094170404,901,1052,151,890,1112,222,34,963.000241326074,996.000243229831,33.000001903756925,7.999993057673009,h0,9
7.673115384615385,16.828644067796613,901,1160,259,890,1007,117,33,958.000247382403,990.000245182625,31.99999780022199,7.000002026922971,h0,8
7.658769230769231,17.12956896551724,901,1160,259,890,1005,115,30,959.000238331227,988.000237181879,28.99999885065199,6.999988983974959,h0,8
6.403814102564103,16.220813008130083,901,1212,311,890,1012,122,45,952.000236334056,996.000243260314,44.00000692625804,11.999996024198936,h0,13
11.283954802259888,6.334936305732484,901,1077,176,890,1203,313,41,988.000237351755,1028.000241225332,40.00000387357704,9.000010041802966,h0,10
7.076395759717314,16.40049180327869,901,1183,282,890,1011,121,34,961.000246370198,994.000235248666,32.99998887846789,7.000002078768034,h0,8
8.769298245614035,13.953706293706292,901,1128,227,890,1032,142,35,957.000243374895,991.000236195109,33.99999282021395,7.000002033635951,h0,8
11.331647727272728,12.190060975609756,901,1076,175,890,1053,163,32,982.000239313679,1013.000246253648,31.00000693996901,5.99999800009698,h0,7
6.846780821917809,17.273362068965515,901,1192,291,890,1005,115,33,959.000238321131,991.000236200476,31.999997879345077,7.999993009319951,h0,9
7.763682170542635,12.922322580645162,901,1158,257,890,1044,154,32,979.000240374037,1010.000247214673,31.000006840635933,5.99999795830206,h0,7
9.15672811059908,16.049032258064518,901,1117,216,890,1013,123,36,951.000245329828,986.000242217198,34.99999688737,8.999997030211944,h0,10
9.327149532710282,17.855,901,1114,213,890,1001,111,31,950.000241287094,980.000244234614,30.000002947519988,5.999997971471998,h0,7
13.082236842105264,18.21618181818182,901,1052,151,890,999,109,21,954.000244311792,974.000246141846,20.00000183005397,4.000003053110959,h0,5
10.0059,14.541313868613138,901,1100,199,890,1026,136,41,956.000239353762,996.000243223907,40.00000387014495,8.999996993503032,h0,10
11.094469273743016,18.162363636363636,901,1079,178,890,999,109,26,952.000236370096,977.000245179444,25.00000880934806,5.000006981672982,h0,6
12.112727272727271,20.926,901,1065,164,890,984,94,21,946.000238305067,966.000240196978,20.000001891910983,4.0000029619959605,h0,5
7.652183908045978,18.42648148148148,901,1161,260,890,997,107,32,953.00024031667,984.000247233532,31.00000691686205,7.000002040673962,h0,8
7.198597122302158,17.407631578947367,901,1178,277,895,1008,113,33,959.000238367711,991.000236233382,31.999997865671048,7.000001920886007,h0,8
8.677173913043477,15.49234375,901,1130,229,895,1022,127,32,961.000246328324,992.000240207488,30.99999387916398,6.999989048670955,h0,8
12.67240506329114,18.193636363636365,901,1058,157,895,1004,109,25,950.000241310757,974.000246201109,24.00000489035199,4.999993983918898,h0,6
10.89016304347826,16.036209677419354,901,1084,183,895,1018,123,30,955.000235313412,984.000247211713,29.000011898301068,7.0000019694230105,h0,8
11.601976744186048,14.370287769784172,901,1072,171,895,1033,138,29,963.00024136056,991.000236248316,27.99999488775597,5.999998044914037,h0,7
11.120444444444448,12.274629629629633,901,1080,179,895,1056,161,40,964.000245376638,1003.000245232305,38.999999855667056,9.00001001726207,h0,10
7.541018867924528,14.915563909774434,901,1165,264,895,1027,132,31,967.00024435773,997.000247222974,30.000002865244028,7.000001988133931,h0,8
8.341046025104601,17.266434782608695,901,1139,238,895,1009,114,25,954.000244294232,978.000236243549,23.999991949317064,5.999997955957952,h0,7
13.69972602739726,15.87376,901,1046,145,895,1019,124,25,966.000240381604,990.000245169035,24.000004787430957,4.000002968894023,h0,5
9.358732394366196,13.928111888111887,901,1113,212,895,1037,142,27,962.000237297088,988.000237215371,25.99999991828304,5.999997991949954,h0,7
7.0455281690140845,16.080645161290324,901,1184,283,895,1018,123,29,961.000246314897,989.000241196722,27.99999488182493,7.00000197553004,h0,8
12.621962025316456,13.626190476190477,901,1058,157,895,1041,146,24,963.000241309566,986.000242210254,23.00000090068795,5.000007101499932,h0,6
11.663216374269004,16.944322033898302,901,1071,170,895,1012,117,25,952.000236278126,976.000241211677,24.00000493355105,5.999997942602022,h0,7
11.101555555555557,14.53985401459854,901,1080,179,895,1031,136,40,958.000247384635,997.000247253706,38.99999986907096,10.00000103007892,h0,11
13.310133333333331,18.09227272727273,901,1050,149,895,1004,109,25,951.000245352725,975.000237230748,23.999991878023025,4.999994082097032,h0,6
11.204748603351955,11.51843930635838,901,1079,178,895,1067,172,37,984.000247300599,1020.0002352424,35.99998794180101,8.99999698206102,h0,10
8.948783783783785,17.17991379310345,901,1122,221,895,1010,115,33,953.000240346374,985.000238204266,31.999997857892023,7.000001945581971,h0,8
8.896355555555555,18.17390909090909,901,1125,224,895,1004,109,24,960.000242328717,983.000243196523,23.00000086780597,4.000002982221076,h0,5
8.804778761061947,14.313928571428573,901,1126,225,895,1034,139,35,980.000244361255,1014.00023719667,33.999992835415014,8.999996942550979,h0,10
11.976047904191615,14.775407407407409,901,1067,166,895,1029,134,28,961.0002462869,988.000237250391,26.999990963490973,5.999998064975898,h0,7
7.195415162454873,16.288852459016393,901,1177,276,895,1016,121,33,964.000245381139,996.000243240415,31.999997859275936,5.999997993897978,h0,7
8.256141078838175,12.5274375,901,1141,240,895,1054,159,33,968.000235339029,1000.00024621877,32.00001087974101,7.000002006573027,h0,8
10.552010582010585,16.642333333333333,901,1089,188,895,1014,119,26,950.000241300279,975.000237179102,24.99999587882303,4.99999401297498,h0,6
14.148510638297868,11.328813559322032,901,1041,140,895,1071,176,36,961.000246362614,996.000243211643,34.999996849029,7.999992996508013,h0,9
6.311293375394322,16.037419354838708,901,1217,316,895,1018,123,43,962.000237365589,1004.000236240324,41.99999887473507,10.000001028577003,h0,11
7.709186046511628,15.496976744186046,901,1158,257,895,1023,128,35,969.000239338835,1003.000245258915,34.00000592008007,6.999988997410014,h0,8
6.559639344262295,11.964879518072287,901,1205,304,895,1060,165,41,988.000237305203,1028.000241235562,40.00000393035907,10.0000009950121,h0,11
7.490413533834586,14.266000000000002,901,1166,265,895,1034,139,36,965.000236373672,1000.000246257299,35.000009883626944,7.000001979514991,h0,8
10.125454545454543,14.937293233082706,901,1098,197,895,1027,132,28,967.000244381385,994.00023523267,26.99999085128502,5.0000070024129855,h0,6
6.577138157894736,17.01769230769231,901,1204,303,895,1011,116,37,961.000246360115,997.000247202182,36.000000842066925,9.000010019412002,h0,10
10.486157894736843,13.584149659863948,901,1090,189,895,1041,146,36,972.000238371915,1007.00023520169,34.999996829775,7.999993003913005,h0,9
10.368911917098446,12.9912987012987,901,1093,192,895,1048,153,38,959.000238357577,996.000243220398,37.000004862821015,7.000001943574944,h0,8
7.913492063492064,11.274689265536722,901,1152,251,895,1071,176,59,968.000235360142,1026.000246223053,58.000010862910926,15.999998985562002,h0,17
8.56602564102564,15.586171875000002,901,1134,233,895,1022,127,35,964.000245347423,998.000238258997,33.999992911574054,7.000002002285896,h0,8
7.495751879699248,16.98863247863248,901,1166,265,895,1011,116,35,960.000242378157,994.000235191762,33.99999281360499,8.000006004786997,h0,9
9.496398104265404,17.913783783783785,901,1111,210,895,1005,110,31,959.000238377089,989.000241227282,30.000002850193027,7.000002032956104,h0,8
6.413717948717949,16.907796610169495,901,1212,311,895,1012,117,30,967.000244307197,996.000243259326,28.999998952128976,5.999998030080974,h0,7
9.316915887850469,8.471659574468084,901,1114,213,895,1129,234,48,1008.000239370615,1055.000245228881,47.00000585826615,9.000009989189039,h0,10
8.339791666666667,17.1125,901,1140,239,895,1010,115,33,961.000246364476,993.000244221934,31.999997857458084,7.00000197781992,h0,8
11.439999999999998,13.869583333333331,901,1074,173,895,1038,143,40,961.000246307696,1000.000246194878,38.99999988718196,12.000008977675977,h0,13
10.655882352941177,12.332608695652173,901,1087,186,895,1055,160,32,983.000243360005,1014.000237242396,30.99999388239098,7.000001998868015,h0,8
9.579615384615384,16.608416666666663,901,1108,207,895,1014,119,34,966.000240315107,999.000242218881,33.00000190377398,7.00000206325592,h0,8
8.857911111111113,12.944285714285714,901,1125,224,895,1048,153,37,980.000244382395,1016.000245234211,36.000000851816026,7.000002025258027,h0,8
9.342897196261683,16.788991596638656,901,1114,213,895,1013,118,30,956.000239346691,985.000238241849,28.999998895158,4.999993909614091,h0,6
11.80029761904762,18.501296296296296,901,1068,167,895,1002,107,21,946.000238296055,966.000240179009,20.00000188295394,4.000002946251016,h0,5
11.714529411764708,18.85801886792453,901,1070,169,895,1000,105,23,948.000246334699,970.000243182871,21.99999684817203,4.99999408321105,h0,6
10.3679792746114,15.277557251908398,901,1093,192,895,1025,130,33,963.000241337468,995.000239207378,31.999997869909976,8.000006019849025,h0,9
7.8461960784313725,8.510085470085471,901,1155,254,895,1128,233,58,1003.000245355195,1060.000239218205,56.99999386300999,14.000003979626172,h0,15
10.585555555555556,14.596764705882356,901,1089,188,895,1030,135,28,968.000235297705,995.000239252789,27.000003955084026,6.00001095020491,h0,7
6.703703703703703,19.07009523809524,901,1197,296,895,999,104,34,951.000245356872,984.000247193534,33.00000183666202,7.999992981795003,h0,9
10.713903743315509,16.649166666666666,901,1087,186,886,1005,119,30,955.000235315107,984.000247242152,29.00001192704497,7.000001960723012,h0,8
11.72329411764706,14.597867647058823,901,1070,169,886,1021,135,31,958.000247334589,988.000237214369,29.99998987978006,7.000002061269015,h0,8
13.858958333333334,18.02369369369369,901,1044,143,886,996,110,25,940.000240369572,964.000245235691,24.00000486611896,5.999998013387085,h0,7
10.759891891891892,16.814237288135594,901,1085,184,886,1003,117,26,945.000247345236,970.000243184578,24.99999583934209,5.000007044499057,h0,6
7.870708661417322,15.891428571428571,901,1154,253,886,1011,125,28,969.000239348482,996.000243225488,27.000003877006066,5.0000069847400255,h0,6
11.218474576271188,16.6481512605042,901,1077,176,886,1004,118,30,949.000237351152,978.000236205767,28.999998854615,6.999989028587947,h0,8
5.71,16.363770491803276,901,1249,348,886,1007,121,40,953.000240322527,992.000240222837,38.999999900309945,8.999997047911052,h0,10
8.431308016877638,19.658811881188115,901,1137,236,886,986,100,26,945.000247384509,970.000243167533,24.99999578302402,6.000011000134009,h0,7
12.455652173913045,14.809552238805972,901,1061,160,886,1019,133,24,971.000247355369,994.000235160279,22.99998780491001,4.0000029145680855,h0,5
12.582151898734176,17.034017094017095,901,1058,157,886,1002,116,24,948.000246376539,971.000247218942,23.000000842402983,4.99999405829692,h0,6
8.892901785714285,15.57359375,901,1124,223,886,1013,127,28,955.000235329366,982.000239227009,27.00000389764307,5.000007044993936,h0,6
12.21073619631902,13.047320261437909,901,1063,162,886,1038,152,33,970.000243307467,1002.000241217136,31.99999790966899,8.999996969336962,h0,10
11.826390532544378,17.81964285714286,901,1069,168,886,997,111,26,944.000243299444,969.000239235174,24.99999593573,5.999997995052013,h0,7
11.009723756906077,17.579912280701752,901,1081,180,886,999,113,33,948.000246293223,980.000244251619,31.99999795839608,5.9999980299210165,h0,7
12.98359477124183,17.94792792792793,901,1053,152,886,996,110,23,950.00024134834,972.000238158232,21.99999680989208,4.999993981542957,h0,6
10.546772486772486,12.2579012345679,901,1089,188,886,1047,161,41,975.000237382378,1015.000241248049,40.00000386567092,8.999996976145894,h0,10
13.913333333333334,16.982881355932207,901,1044,143,886,1003,117,25,951.000245383488,975.000237234486,23.99999185099796,5.999997971816924,h0,7
8.060685483870968,17.13543103448276,901,1148,247,886,1001,115,36,954.000244379319,989.00024118876,34.99999680944097,8.000005963555964,h0,9
8.635560344827587,14.39485507246377,901,1132,231,886,1023,137,41,967.000244358553,1007.000235211411,39.99999085285799,10.000000973233,h0,11
14.64,16.22130081300813,901,1036,135,886,1008,122,26,942.000235320153,967.000244203784,25.00000888363093,5.0000070002209895,h0,6
9.714634146341464,15.475193798449611,901,1105,204,886,1014,128,33,961.000246360679,993.000244219796,31.999997859117,6.00001101935095,h0,7
6.132453987730061,17.561592920353984,901,1226,325,886,998,112,36,952.000236357435,987.00024625891,35.00000990147498,9.000009988941997,h0,10
14.630808823529412,17.01683760683761,901,1036,135,886,1002,116,24,946.00023831237,969.00023926158,23.000000949209948,5.000006934300018,h0,6
14.128226950354607,10.781891891891892,901,1041,140,886,1070,184,35,963.000241351545,997.000247242161,34.00000589061597,8.000005983097026,h0,9
7.681576923076923,15.082348484848485,901,1160,259,886,1017,131,30,968.000235331921,997.00024721594,29.000011884019045,5.999997982991999,h0,7
13.880489510489507,15.315384615384616,901,1043,142,886,1015,129,30,953.0002403793,982.000239242024,28.999998862724052,5.999997960641053,h0,7
6.856986301369862,16.612583333333333,901,1192,291,886,1005,119,35,955.000235359087,989.000241220709,34.00000586162196,8.00000594322205,h0,9
11.773411764705882,14.468260869565215,901,1070,169,886,1023,137,29,953.000240327136,981.000235211995,27.999994884859007,5.999998093695922,h0,7
10.14591836734694,15.192272727272726,901,1096,195,886,1017,131,29,953.000240364537,981.000235184337,27.99999481980001,7.000002017048018,h0,8
8.763215859030836,15.77404761904762,901,1127,226,886,1011,125,29,958.000247347315,986.000242204255,27.999994856939907,5.999997991847977,h0,7
12.36136645962733,14.03176056338028,901,1061,160,886,1027,141,24,962.000237331322,985.000238190764,23.000000859442025,4.999994084002992,h0,6
7.853960784313727,18.34532110091743,901,1155,254,886,994,108,30,946.000238354959,975.000237218834,28.999998863874907,5.999998048424004,h0,7
6.672766666666666,8.807433628318584,901,1200,299,886,1111,225,66,969.000239352846,1034.000239229023,64.99999987617696,15.999998997826085,h0,17
13.186381578947367,14.741333333333335,901,1052,151,886,1020,134,29,962.00023735495,990.00024523551,28.00000788056002,4.999993983394916,h0,6
8.179549180327866,14.069787234042554,901,1144,243,886,1026,140,40,961.00024637891,1000.000246183271,38.99999980436098,7.000002036187993,h0,8
7.900355731225296,16.551666666666666,901,1153,252,886,1005,119,30,959.000238332113,988.000237181466,28.999998849353005,6.999988988097016,h0,8
6.488175895765472,14.78537313432836,901,1207,306,886,1019,133,47,949.00023735788,995.000239236655,46.00000187877504,8.999997022033995,h0,10
11.099664804469272,8.879066666666667,901,1079,178,886,1110,224,41,987.000246328234,1027.000237261866,39.999990933632034,7.999993010266962,h0,9
7.650881226053639,17.2901724137931,901,1161,260,886,1001,115,30,959.000238328301,988.000237222946,28.99999889464505,4.999993924109958,h0,6
13.490340136054424,15.6509375,901,1047,146,886,1013,127,27,954.000244384386,980.000244218552,25.999999834166037,6.000011035781995,h0,7
11.054917127071825,10.87875,901,1081,180,886,1069,183,34,980.0002443802,1013.000246218546,33.00000183834595,6.000010991155023,h0,7
9.223287037037036,16.681833333333334,901,1116,215,886,1005,119,35,959.000238354745,993.000244200486,34.00000584574104,8.000005952278002,h0,9
6.225,12.673057324840762,901,1220,319,886,1042,156,26,989.000241365369,1014.000237219286,24.99999585391697,4.999994053246951,h0,6
9.07009090909091,15.342015503875968,901,1120,219,886,1014,128,36,963.000241311336,998.000238244803,34.999996933466946,9.000010011434938,h0,10
9.328084112149533,16.046774193548387,901,1114,213,886,1009,123,28,959.00023832533,986.000242240294,27.00000391496405,5.999998026469029,h0,7
12.658853503184714,17.601946902654866,901,1057,156,886,998,112,21,953.000240351387,973.000242173414,20.000001822027,4.000003044609002,h0,5
10.14020304568528,15.079621212121214,901,1097,196,886,1017,131,39,955.000235336594,993.00024423678,38.000008900186,8.99999696763507,h0,10
6.2587106918239,17.426666666666666,901,1218,317,886,999,113,32,960.00024232504,991.000236217677,30.999993892637008,7.999992963140016,h0,9
13.460270270270268,16.068870967741933,901,1048,147,886,1009,123,23,951.00024532243,973.000242196681,21.999996874251,4.999994022989995,h0,6
6.780881355932203,18.179818181818185,901,1195,294,886,995,109,33,951.000245334652,983.000243231816,31.99999789716389,7.000001987579026,h0,8
10.614010695187169,14.633161764705884,901,1087,186,903,1038,135,34,971.000247375714,1004.000236213196,32.999988837481965,7.999993001114944,h0,9
8.609137931034482,15.680787401574802,901,1132,231,903,1029,126,32,964.000245316564,995.000239232752,30.999993916188032,7.000002061264922,h0,8
13.56013605442177,16.632083333333334,901,1047,146,903,1022,119,26,959.000238297785,984.000247229364,25.000008931579032,7.000002045254064,h0,8
11.04661111111111,13.146842105263158,901,1080,179,903,1054,151,41,954.00024435355,994.000235260965,39.999990907415054,8.999997047018041,h0,10
9.611449275362318,14.94714285714286,901,1107,206,903,1035,132,31,981.000235364003,1011.000238184261,30.000002820258032,7.99999298892601,h0,9
11.068333333333335,16.143467741935485,901,1080,179,903,1026,123,29,968.000235318988,996.000243215279,28.00000789629109,7.000001969666982,h0,8
5.71,16.56809917355372,901,1249,348,903,1023,120,35,973.000242334255,1007.000235228595,33.99999289434004,7.000001982260983,h0,8
10.604074074074074,17.96648648648648,901,1089,188,903,1013,110,28,958.000247375203,985.000238216537,26.99999084133401,7.000002047195039,h0,8
14.369424460431654,12.57607594936709,901,1039,138,903,1060,157,32,959.000238376533,990.000245182431,31.000006805897897,6.99998900279104,h0,8
10.370259067357512,14.63264705882353,901,1093,192,903,1038,135,28,957.000243339416,984.000247201284,27.00000386186798,4.99999400158697,h0,6
10.589787234042552,15.85642857142857,901,1088,187,903,1028,125,25,973.000242317127,997.000247255924,24.00000493879702,5.000007019104942,h0,6
12.4189375,14.086312056737588,901,1060,159,903,1043,140,23,966.000240321353,988.000237167894,21.99999684654108,4.000002967550927,h0,5
9.796960784313724,18.007387387387386,901,1104,203,903,1013,110,26,957.000243377013,982.000239210515,24.999995833502,5.000006904641964,h0,6
10.978516483516485,15.605078125,901,1082,181,903,1030,127,37,960.000242330272,996.000243224117,36.00000089384491,8.99999698398301,h0,10
6.182142857142858,19.05980769230769,901,1222,321,903,1006,103,31,965.00023637669,995.000239178606,30.00000280191591,7.00000201222997,h0,8
6.2915822784810125,10.142385786802029,901,1216,315,903,1099,196,64,990.000245369438,1053.000237253058,62.999991883620055,14.99999500577394,h0,16
13.35771812080537,16.687250000000002,901,1049,148,903,1022,119,28,955.000235345664,982.0002392046,27.000003858936,6.000010946503039,h0,7
9.894950495049503,18.23807339449541,901,1102,201,903,1011,108,29,970.00024334175,998.000238232854,27.99999489110405,7.00000199052397,h0,8
10.929398907103824,16.072419354838708,901,1083,182,903,1026,123,29,977.000245347991,1005.000240231152,27.99999488316098,5.999998017318944,h0,7
13.2976,15.372,901,1050,149,903,1032,129,27,956.000239381941,982.000239232262,25.999999850320933,5.000007013898994,h0,6
7.391074074074074,17.134957264957265,901,1170,269,903,1019,116,32,966.000240344103,997.000247210696,31.000006866593026,6.000010938314063,h0,7
7.600305343511449,11.26457627118644,901,1162,261,903,1079,176,43,988.000237348436,1030.000236243459,41.999998895023055,8.000006017280953,h0,9
10.505684210526317,16.937008547008546,901,1090,189,903,1019,116,30,954.000244303198,983.000243227136,28.99999892393805,7.000002007509011,h0,8
14.246214285714288,11.117430167597766,901,1040,139,903,1081,178,36,966.000240363657,1001.000237250618,34.99999688696107,9.00000997963798,h0,10
6.307879746835444,18.23862385321101,901,1216,315,903,1011,108,37,963.000241340901,999.000242216591,36.000000875690034,8.999996970290908,h0,10
8.404661016949152,16.839663865546218,901,1136,235,903,1021,118,36,965.000236376759,1000.0002462345,35.00000985774102,7.0000019879229285,h0,8
9.601009615384616,14.090212765957448,901,1108,207,903,1043,140,36,977.000245340149,1012.000242224767,34.999996884617985,7.99999299771207,h0,9
7.365202952029519,14.842611940298507,901,1171,270,903,1036,133,36,968.000235345736,1003.000245246643,35.000009900907,7.999992973625012,h0,9
11.146927374301676,17.600438596491227,901,1079,178,903,1016,113,27,953.000240283648,979.000240240451,25.99999995680298,7.000002009276955,h0,8
6.662608695652174,13.396308724832217,901,1199,298,903,1051,148,36,985.000238381247,1020.000235227182,34.999996845935016,7.999992954495951,h0,9
7.933187250996016,14.100780141843972,901,1151,250,903,1043,140,36,969.000239376801,1004.000236253993,34.99999687719196,7.999993010914977,h0,9
7.85156862745098,13.808819444444444,901,1155,254,903,1046,143,35,959.000238374583,993.00024423948,34.00000586489705,8.999996954788003,h0,10
6.670735785953178,8.612499999999999,901,1199,298,903,1134,231,62,980.000244374335,1041.000241236824,60.99999686248896,14.999995005165031,h0,16
10.30321243523316,16.602916666666665,901,1093,192,903,1022,119,32,970.000243354497,1001.000237198031,30.99999384353396,4.999993975245957,h0,6
7.152589928057554,15.013684210526316,901,1178,277,903,1035,132,31,974.000246302975,1004.000236202342,29.999989899366938,7.000002002062956,h0,8
13.534489795918368,14.69360294117647,901,1047,146,903,1038,135,24,968.000235381004,991.000236132308,23.00000075130401,5.00000706838398,h0,6
6.403846153846154,15.16659090909091,901,1212,311,903,1034,131,39,974.000246347417,1012.000242237957,37.999995890539935,8.000005953691016,h0,9
11.972168674698796,6.606158940397352,901,1066,165,903,1204,301,44,978.00023637211,1021.000239246706,43.00000287459602,8.99999700055207,h0,10
8.820486725663716,14.96406015037594,901,1126,225,903,1035,132,40,969.000239368503,1008.000239235107,38.99999986660396,8.999996977491037,h0,10
10.056231155778894,13.501632653061224,901,1099,198,903,1049,146,34,969.000239308056,1002.000241210722,33.000001902665986,11.000004999052976,h0,12
11.058232044198895,10.501851851851852,901,1081,180,903,1091,188,34,982.000239351938,1015.00024125095,33.00000189901198,7.000002013085009,h0,8
9.446682464454977,16.305819672131147,901,1111,210,903,1024,121,31,973.00024235269,1003.00024520878,30.00000285609008,7.999993001557982,h0,9
7.483533834586466,13.440805369127515,901,1166,265,903,1051,148,32,990.000245373826,1021.000239218422,30.99999384459602,7.000001995573939,h0,8
7.299377289377289,13.3074,901,1173,272,903,1052,149,45,980.000244378991,1024.000238260763,43.99999388177184,10.00000097227803,h0,11
9.32570093457944,18.187818181818184,901,1114,213,903,1012,109,26,966.000240340251,991.000236182716,24.999995842464955,5.999998018869974,h0,7
12.088353658536583,20.03373737373737,901,1064,163,903,1001,98,25,947.000242348336,971.000247239441,24.00000489110505,5.9999979907030365,h0,7
8.294066390041493,16.262049180327868,901,1141,240,903,1024,121,39,965.000236320554,1003.000245263265,38.00000894271102,10.999991997818029,h0,12
5.771008645533142,15.901440000000004,901,1247,346,903,1027,124,34,979.000240354563,1012.000242210887,33.00000185632405,7.00000205040908,h0,8
12.079277108433734,19.5178431372549,901,1066,165,903,1004,101,25,955.000235335973,979.000240217731,24.000004881757945,5.00000695260303,h0,6
7.175985663082437,13.035098039215686,901,1179,278,903,1055,152,44,975.000237371664,1018.000240264697,43.00000289303307,8.999997017089072,h0,10
10.614010695187169,15.9792,901,1087,186,917,1041,124,36,975.000237385663,1010.000247240663,35.00000985500003,7.999993019631006,h0,9
8.609137931034482,14.949172932330828,901,1132,231,917,1049,132,33,970.000243378015,1002.000241250793,31.999997872777957,7.999992991690988,h0,9
13.56013605442177,17.52824561403509,901,1047,146,917,1030,113,24,963.000241288838,986.000242195276,23.000000906438004,5.999997962749035,h0,7
11.04661111111111,16.65285714285714,901,1080,179,917,1035,118,29,963.000241369605,991.000236225539,27.999994855934005,5.999998050536988,h0,7
9.611449275362318,15.39031007751938,901,1107,206,917,1045,128,30,987.000246350356,1016.000245184933,28.999998834577013,7.999993007618059,h0,9
11.068333333333335,9.711747572815533,901,1080,179,917,1122,205,42,977.000245364112,1018.00024024596,40.99999488184801,11.00000500090698,h0,12
5.71,15.955999999999998,901,1249,348,917,1041,124,38,980.000244380627,1017.000236236368,36.99999185574097,9.000009935207004,h0,10
10.604074074074074,17.096495726495725,901,1089,188,917,1033,116,29,968.000235332547,996.000243195064,28.000007862516892,5.999997924359036,h0,7
14.369424460431654,15.284885496183207,901,1039,138,917,1047,130,31,962.000237368425,992.000240169922,30.000002801496976,7.000002010022968,h0,8
10.370259067357512,17.665221238938052,901,1093,192,917,1029,112,25,969.000239275311,993.000244209232,24.000004933921105,6.000010961750036,h0,7
10.589787234042552,16.01848,901,1088,187,917,1041,124,25,984.000247366274,1008.000239172989,23.999991806715,6.000011003971963,h0,7
12.4189375,12.425403726708073,901,1060,159,917,1077,160,29,976.000241305344,1004.000236187723,27.999994882378928,5.999997963614987,h0,7
9.796960784313724,15.91808,901,1104,203,917,1041,124,23,971.000247327787,993.000244252617,21.999996924830043,5.000006966224078,h0,6
10.978516483516485,13.338466666666667,901,1082,181,917,1066,149,23,986.000242330699,1008.00023920282,21.99999687212096,5.00000693698496,h0,6
6.182142857142858,19.47514563106796,901,1222,321,917,1019,102,28,979.000240333735,1006.000244216299,27.0000038825641,5.999998005875,h0,7
6.2915822784810125,13.066405228758171,901,1216,315,917,1069,152,47,990.00024534456,1036.000247245955,46.00000190139508,10.999992005948002,h0,12
13.35771812080537,15.826349206349208,901,1049,148,917,1042,125,24,963.000241292931,986.000242223942,23.00000093101096,5.000006913767038,h0,6
9.894950495049503,17.521052631578947,901,1102,201,917,1030,113,21,988.000237306061,1008.000239258685,20.000001952624075,3.999989950792042,h0,5
10.929398907103824,12.86083870967742,901,1083,182,917,1071,154,27,1000.000246323016,1026.000246248938,25.99999992592211,5.000006985903951,h0,6
13.2976,7.27565693430657,901,1050,149,917,1190,273,39,984.000247366436,1022.000243255048,37.99999588861192,8.000005992395927,h0,9
7.391074074074074,17.976486486486486,901,1170,269,917,1027,110,33,970.000243340601,1002.000241202532,31.99999786193109,6.999988950220086,h0,8
7.600305343511449,16.01072580645161,901,1162,261,917,1040,123,35,980.000244328347,1014.000237233689,33.99999290534197,8.000006013932989,h0,9
10.505684210526317,18.53703703703704,901,1090,189,917,1024,107,31,968.000235335898,998.000238190306,30.00000285440808,7.000002023617071,h0,8
14.246214285714288,11.068666666666664,901,1040,139,917,1096,179,35,968.000235355733,1002.000241182721,34.000005826987945,7.999993025641061,h0,9
6.307879746835444,17.726725663716813,901,1216,315,917,1029,112,34,976.000241379711,1009.000243194043,33.000001814331995,8.999997019265948,h0,10
8.404661016949152,12.15830303030303,901,1136,235,917,1081,164,35,1015.000241321132,1049.000247227298,34.00000590616594,7.999992982821141,h0,9
9.601009615384616,15.17145038167939,901,1108,207,917,1047,130,35,981.000235364248,1015.000241208131,34.000005843882946,7.999992936997955,h0,9
7.365202952029519,15.23374045801527,901,1171,270,917,1047,130,41,971.000247363988,1011.00023821032,39.999990846332025,10.00000103523496,h0,11
11.146927374301676,19.574117647058824,901,1079,178,917,1018,101,24,958.000247323225,981.000235176486,22.999987853260905,5.999998029015046,h0,7
6.662608695652174,17.578407079646016,901,1199,298,917,1029,112,33,973.00024231786,1005.000240231591,31.99999791373091,7.999993033793999,h0,9
7.933187250996016,15.327153846153848,901,1151,250,917,1046,129,36,974.000246372303,1009.000243260584,34.99999688828109,7.00000198922703,h0,8
7.85156862745098,17.319391304347825,901,1155,254,917,1031,114,29,970.000243284957,998.000238204013,27.999994919056007,7.0000020317230565,h0,8
6.670735785953178,9.664271844660192,901,1199,298,917,1122,205,62,979.000240325084,1040.000237241608,60.99999691652397,15.000008011403906,h0,16
10.30321243523316,16.397603305785125,901,1093,192,917,1037,120,35,976.000241358524,1010.000247218177,34.000005859653015,7.000001993152978,h0,8
7.152589928057554,13.81722222222222,901,1178,277,917,1060,143,35,987.000246367221,1021.000239255603,33.99999288838194,5.999998059485051,h0,7
13.534489795918368,16.201463414634148,901,1047,146,917,1039,122,27,972.000238322045,998.00023819967,25.999999877624987,5.99999803045398,h0,7
6.403846153846154,16.761344537815127,901,1212,311,917,1035,118,34,985.000238353947,1018.000240247507,33.00000189356001,8.000006016668976,h0,9
11.972168674698796,9.749411764705885,901,1066,165,917,1120,203,42,982.000239337304,1023.000247251407,41.00000791410298,10.000001024783046,h0,11
8.820486725663716,15.627244094488187,901,1126,225,917,1043,126,39,980.00024430916,1018.000240259605,37.99999595044494,8.99999704086099,h0,10
10.056231155778894,8.05008032128514,901,1099,198,917,1165,248,45,991.00023635317,1035.000243194476,44.00000684130612,10.99999203192499,h0,12
11.058232044198895,13.993169014084506,901,1081,180,917,1058,141,32,985.000238332239,1016.000245257187,31.000006924948025,5.999998058651954,h0,7
9.446682464454977,17.590265486725663,901,1111,210,917,1029,112,32,979.000240304732,1010.0002472473,31.000006942568007,7.000001965311071,h0,8
7.483533834586466,9.705873786407768,901,1166,265,917,1122,205,56,997.000247379125,1052.000246221382,54.99999884225701,13.999991010657029,h0,15
7.299377289377289,17.457894736842107,901,1173,272,917,1030,113,35,973.000242336486,1007.000235251775,33.999992915289,8.00000601906197,h0,9
9.32570093457944,14.56021897810219,901,1114,213,917,1053,136,25,992.000240325702,1016.000245202454,24.000004876752087,4.999994032753989,h0,6
12.088353658536583,16.529090909090908,901,1064,163,917,1037,120,30,960.000242315865,989.000241265708,28.999998949843075,5.999997970072059,h0,7
8.294066390041493,15.969440000000002,901,1141,240,917,1041,124,25,985.000238323354,1009.000243185696,24.000004862342053,3.9999899765000464,h0,5
5.771008645533142,15.569609375,901,1247,346,917,1044,127,40,985.000238375701,1024.000238230906,38.99999985520503,8.000006024561003,h0,9
12.079277108433734,16.850084033613445,901,1066,165,917,1035,118,29,967.000244358815,995.000239239789,27.999994880973983,7.000001987443966,h0,8
7.175985663082437,17.695221238938053,901,1179,278,917,1029,112,35,972.000238343437,1006.000244216371,34.000005872934025,6.999989032240023,h0,8
10.614010695187169,15.509453125,901,1087,186,912,1039,127,34,972.000238378868,1005.000240216896,33.00000183802808,7.999993010898038,h0,9
8.609137931034482,16.374049586776856,901,1132,231,912,1032,120,33,967.0002443842,999.000242238386,31.999997854186063,7.000002051178967,h0,8
13.56013605442177,14.052676056338028,901,1047,146,912,1053,141,26,974.00024630695,999.000242239123,24.99999593217308,5.000007024248021,h0,6
11.04661111111111,17.319999999999997,901,1080,179,912,1026,114,30,956.000239327412,985.00023817951,28.99999885209797,7.000002033749979,h0,8
9.611449275362318,14.280359712230217,901,1107,206,912,1050,138,32,987.000246362561,1018.000240186817,30.999993824255967,8.000005956131076,h0,9
11.068333333333335,12.410875,901,1080,179,912,1071,159,29,994.000235335021,1022.000243233579,28.00000789855801,6.000010965384945,h0,7
5.71,16.252704918032787,901,1249,348,912,1033,121,40,977.000245335121,1016.000245261038,38.999999925917,8.999996997699895,h0,10
10.604074074074074,19.13923076923077,901,1089,188,912,1015,103,28,960.000242364533,987.000246259833,27.000003895299983,6.99998903652795,h0,8
14.369424460431654,14.418992805755398,901,1039,138,912,1050,138,28,971.000247333285,998.00023821055,26.99999087726508,7.000001994329978,h0,8
10.370259067357512,16.78126050420168,901,1093,192,912,1030,118,28,960.000242327747,987.000246197425,27.00000386967804,5.999998090822032,h0,7
10.589787234042552,15.60015625,901,1088,187,912,1039,127,25,975.000237380525,999.000242195811,24.000004815285934,5.000007020261933,h0,6
12.4189375,14.073309859154932,901,1060,159,912,1053,141,26,968.000235378551,993.000244254671,25.000008876119978,5.00000692423896,h0,6
9.796960784313724,15.490232558139535,901,1104,203,912,1040,128,23,970.000243356189,992.000240227058,21.99999687086904,4.000003023619001,h0,5
10.978516483516485,18.720660377358488,901,1082,181,912,1017,105,29,965.000236349804,993.000244189467,28.000007839663,6.000011012214031,h0,7
6.182142857142858,18.82,901,1222,321,912,1017,105,28,978.000236329759,1005.000240227964,27.000003898205023,5.999998037863065,h0,7
6.2915822784810125,12.988954248366014,901,1216,315,912,1064,152,46,990.000245344446,1035.000243250389,44.99999790594313,10.00000094197992,h0,11
13.35771812080537,16.056129032258063,901,1049,148,912,1035,123,24,962.000237314834,985.000238198761,23.0000008839271,5.000007085663015,h0,6
9.894950495049503,14.674705882352942,901,1102,201,912,1047,135,26,991.000236347596,1016.000245220888,25.000008873292018,4.000003021978046,h0,5
10.929398907103824,16.659159663865545,901,1083,182,912,1030,118,28,980.000244370068,1007.000235231001,26.999990860933053,6.000011047322005,h0,7
13.2976,7.394052044609665,901,1050,149,912,1180,268,38,984.000247320987,1021.000239253182,36.99999193219503,7.999992934124975,h0,9
7.391074074074074,16.97805084745763,901,1170,269,912,1029,117,33,972.000238338643,1004.000236207673,31.99999786902993,7.000001952874982,h0,8
7.600305343511449,14.982556390977445,901,1162,261,912,1044,132,35,983.000243346252,1017.000236228582,33.99999288233005,7.999992996661035,h0,9
10.505684210526317,18.338807339449534,901,1090,189,912,1020,108,31,967.000244305931,997.000247177316,30.00000287138505,7.999992986449001,h0,9
14.246214285714288,10.864945652173914,901,1040,139,912,1095,183,36,966.000240382855,1001.000237194742,34.999996811886945,8.99999703951903,h0,10
6.307879746835444,17.117264957264958,901,1216,315,912,1028,116,34,975.000237369369,1008.000239191988,33.00000182261908,8.000005985345979,h0,9
8.404661016949152,17.351130434782608,901,1136,235,912,1026,114,27,980.000244308911,1006.000244226316,25.999999917405034,5.999997956268089,h0,7
9.601009615384616,14.417246376811594,901,1108,207,912,1049,137,35,980.000244362526,1014.000237185675,33.999992823149,8.999996991891067,h0,10
7.365202952029519,15.775275590551184,901,1171,270,912,1038,126,35,970.000243355969,1004.000236234796,33.999992878827015,7.000002034375029,h0,8
11.146927374301676,19.09257142857143,901,1079,178,912,1016,104,27,954.000244332721,980.000244205627,25.999999872906077,7.000002008884962,h0,8
6.662608695652174,16.992393162393164,901,1199,298,912,1028,116,35,971.00024736602,1005.000240228238,33.99999286221805,8.000006032641068,h0,9
7.933187250996016,14.786592592592593,901,1151,250,912,1046,134,36,974.000246373159,1009.000243255071,34.99999688191201,7.0000019804510885,h0,8
7.85156862745098,14.49108695652174,901,1155,254,912,1049,137,36,961.000246344561,996.000243248323,34.99999690376205,8.999997044715087,h0,10
6.670735785953178,11.860892857142856,901,1199,298,912,1079,167,62,976.000241338787,1037.000238239959,60.999996901171926,14.9999949879699,h0,16
10.30321243523316,15.771349206349209,901,1093,192,912,1037,125,35,976.000241358354,1010.000247224299,34.00000586594501,7.000002003865006,h0,8
7.152589928057554,16.113225806451613,901,1178,277,912,1035,123,31,974.000246299976,1004.000236201177,29.999989901201047,7.000002005077931,h0,8
13.534489795918368,11.651046511627907,901,1047,146,912,1083,171,36,972.000238382635,1007.000235216154,34.99999683351905,5.999997984413994,h0,7
6.403846153846154,16.447438016528928,901,1212,311,912,1032,120,34,976.000241372473,1009.000243200657,33.00000182818394,7.999992964350099,h0,9
11.972168674698796,10.345833333333331,901,1066,165,912,1103,191,42,981.000235349303,1022.000243244951,41.00000789564797,10.000001003598982,h0,11
8.820486725663716,15.076315789473687,901,1126,225,912,1044,132,39,980.000244310741,1018.000240257225,37.99999594648398,8.999997039290974,h0,10
10.056231155778894,11.12427777777778,901,1099,198,912,1091,179,32,1004.000236364705,1035.00024326218,31.000006897475032,4.99999400002207,h0,6
11.058232044198895,11.016795580110497,901,1081,180,912,1092,180,33,985.000238310415,1017.000236232866,31.99999792245092,6.999989004998042,h0,8
9.446682464454977,16.887881355932205,901,1111,210,912,1029,117,32,976.000241372313,1007.000235199094,30.999993826781065,7.0000019974070256,h0,8
7.483533834586466,9.52904761904762,901,1166,265,912,1121,209,56,996.000243376599,1051.000242229236,54.99999885263696,12.999999978929054,h0,14
7.299377289377289,16.87813559322034,901,1173,272,912,1029,117,35,972.000238329819,1006.000244240068,34.000005910249,7.999993024375044,h0,9
9.32570093457944,12.341490683229814,901,1114,213,912,1072,160,38,992.000240379412,1029.000245261635,37.000004882222925,9.00001000364,h0,10
12.088353658536583,11.540523255813952,901,1064,163,912,1083,171,41,966.000240369481,1006.000244200572,40.00000383109091,10.00000097496104,h0,11
8.294066390041493,15.901031746031746,901,1141,240,912,1037,125,29,979.000240351416,1007.000235199109,27.999994847693078,5.000006949704016,h0,6
5.771008645533142,15.900317460317456,901,1247,346,912,1037,125,34,984.000247346672,1017.000236190144,32.99998884347201,7.000001997504,h0,8
12.079277108433734,17.294956521739127,901,1066,165,912,1026,114,31,964.000245344623,994.000235229224,29.999989884601064,7.000001994332024,h0,8
7.175985663082437,17.28947826086957,901,1179,278,912,1026,114,38,967.000244338669,1004.000236219196,36.99999188052709,8.999996963827016,h0,10
10.614010695187169,12.94935064935065,901,1087,186,899,1052,153,41,970.000243371165,1010.000247229936,40.00000385877104,8.999996995628976,h0,10
8.609137931034482,15.87816,901,1132,231,899,1023,124,32,962.000237323116,993.000244238695,31.00000691557898,7.000002056644007,h0,8
13.56013605442177,16.02112,901,1047,146,899,1023,124,29,956.000239385284,984.000247239713,28.000007854428983,7.000001957648919,h0,8
11.04661111111111,16.02217741935484,901,1080,179,899,1022,123,31,953.000240309399,983.000243225135,30.00000291573599,7.000001929449013,h0,8
9.614202898550724,11.966047904191615,901,1107,206,899,1065,166,42,975.000237328808,1016.000245212019,41.00000788321097,10.999992017558045,h0,12
11.068333333333335,15.63328125,901,1080,179,899,1026,127,29,968.000235320632,996.000243214185,28.00000789355306,7.000001961103067,h0,8
5.71,15.520625,901,1249,348,899,1026,127,44,967.000244337337,1010.000247238589,43.00000290125206,10.000000981043968,h0,11
10.604074074074074,16.692689075630252,901,1089,188,899,1017,118,29,960.000242338198,988.000237187459,27.999994849261043,5.999998071958999,h0,7
13.847291666666669,15.365038759689922,901,1044,143,899,1027,128,31,959.000238328245,989.000241179936,30.000002851690965,7.000001940756988,h0,8
10.370259067357512,15.437519379844964,901,1093,192,899,1027,128,27,964.00024531241,990.000245248726,25.99999993631593,5.999997969236006,h0,7
10.589787234042552,14.793703703703704,901,1088,187,899,1033,134,24,975.000237290866,998.000238224626,23.000000933759907,3.9999900033560607,h0,5
12.418375,13.514625850340137,901,1060,159,899,1045,146,23,967.000244286689,989.000241176433,21.999996889743898,4.9999939321149895,h0,6
9.79872549019608,17.564736842105265,901,1104,203,899,1012,113,25,957.000243296529,981.000235171405,23.99999187487606,5.000007040775927,h0,6
10.978516483516485,17.542105263157893,901,1082,181,899,1012,113,32,959.00023833267,990.000245243139,31.000006910468983,8.000006003635008,h0,9
6.182142857142858,18.565981308411217,901,1222,321,899,1005,106,31,964.000245369051,994.000235186096,29.999989817045048,7.000002023778961,h0,8
6.2915822784810125,12.148787878787878,901,1216,315,899,1063,164,47,986.000242367002,1032.000244209352,46.00000184235012,10.000000988466011,h0,11
13.35771812080537,18.384722222222223,901,1049,148,899,1006,107,25,949.00023736258,973.000242180826,24.000004818246,5.999998052135993,h0,7
9.894653465346533,17.601150442477877,901,1102,201,899,1011,112,32,967.000244347342,998.000238237541,30.999993890198997,7.000002026750963,h0,8
10.938688524590162,14.637941176470587,901,1083,182,899,1034,135,29,978.000236362225,1006.000244249041,28.00000788681598,5.999998000947016,h0,7
13.297066666666666,15.214274809160305,901,1050,149,899,1029,130,27,950.000241362209,976.000241222522,25.999999860313096,5.999998033660063,h0,7
7.391074074074074,16.400819672131146,901,1170,269,899,1020,121,33,966.000240374086,998.000238207258,31.99999783317196,5.99999794177495,h0,7
7.600305343511449,12.723525641025642,901,1162,261,899,1054,155,43,977.00024532009,1019.000244230195,41.99999891010498,10.000001012503958,h0,11
10.505631578947368,16.910677966101694,901,1090,189,899,1016,117,30,953.000240303199,982.000239234536,28.999998931337014,7.000002009647005,h0,8
14.256642857142856,10.431989528795812,901,1040,139,899,1089,190,36,965.000236341615,1000.000246207174,35.00000986555892,8.999996984969016,h0,10
6.307879746835444,17.134482758620692,901,1216,315,899,1014,115,39,963.000241318658,1001.000237205549,37.99999588689093,9.00000998397195,h0,10
8.4453164556962,16.35213114754098,901,1137,236,899,1020,121,36,965.000236357786,1000.000246234947,35.000009877161006,7.000001988874033,h0,8
9.601009615384616,11.409827586206896,901,1108,207,899,1072,173,45,980.000244356452,1024.000238198504,43.999993842051936,10.000001024214953,h0,11
7.365202952029519,14.534087591240876,901,1171,270,899,1035,136,37,966.000240366503,1002.000241255024,36.00000088852096,8.000005967995094,h0,9
11.146927374301676,17.13741379310345,901,1079,178,899,1014,115,27,951.00024533416,977.000245172681,25.999999838521035,6.999989010105992,h0,8
6.662608695652174,16.73344537815126,901,1199,298,899,1017,118,37,963.000241339456,999.000242240018,36.000000900561986,7.999992988252984,h0,9
7.933187250996016,13.704246575342466,901,1151,250,899,1044,145,36,969.000239382829,1004.0002362477,34.99999686487092,7.999993007201965,h0,9
7.85156862745098,13.217483443708607,901,1155,254,899,1049,150,38,971.000247350984,1008.000239246989,36.9999918960051,8.999996999353016,h0,10
6.670735785953178,10.89195652173913,901,1199,298,899,1082,183,48,993.00024432227,1040.000237258189,46.99999293591896,11.00000506694903,h0,12
10.33119170984456,16.09532258064516,901,1093,192,899,1022,123,31,969.000239350583,999.00024216422,30.000002813637025,4.999993982256001,h0,6
7.152589928057554,18.057454545454547,901,1178,277,899,1008,109,34,960.000242342146,993.000244191306,33.00000184916007,7.000002021684963,h0,8
12.830709677419357,8.898206278026906,901,1055,154,899,1121,222,37,971.000247349557,1007.000235261271,35.999987911714015,6.999989065961017,h0,8
6.403846153846154,15.24908396946565,901,1212,311,899,1029,130,34,972.000238348908,1005.000240194995,33.00000184608689,7.999992986447978,h0,9
11.972168674698796,6.508594771241831,901,1066,165,899,1204,305,44,978.000236371668,1021.000239247429,43.00000287576097,8.999997002089003,h0,10
8.820486725663716,13.684109589041094,901,1126,225,899,1044,145,49,970.000243371974,1018.000240235656,47.99999686368199,8.999996971196083,h0,10
10.056231155778894,13.2496,901,1099,198,899,1048,149,35,968.000235306099,1002.000241214909,34.00000590881007,10.000000962212994,h0,11
11.058232044198895,9.179174311926603,901,1081,180,899,1116,217,33,983.000243338517,1015.000241203237,31.999997864720054,5.999997982937998,h0,7
9.44696682464455,11.225480225988704,901,1111,210,899,1075,176,27,1012.000242376123,1038.000242190631,25.9999998145081,5.999997985234927,h0,7
7.483533834586466,8.682478260869566,901,1166,265,899,1128,229,56,993.000244372684,1048.000243249561,54.99999887687693,13.000000020949985,h0,14
7.299377289377289,14.203642857142857,901,1173,272,899,1038,139,35,975.000237360147,1009.000243186154,34.00000582600694,7.99999296986698,h0,9
9.32570093457944,17.418333333333333,901,1114,213,899,1012,113,28,967.00024434435,994.000235193571,26.999990849221035,5.999998005255975,h0,7
12.088353658536583,19.56343137254902,901,1064,163,899,1000,101,25,946.000238375491,970.000243234214,24.00000485872306,5.00000706803803,h0,6
8.292489626556018,15.534496124031008,901,1141,240,899,1027,128,39,964.000245322051,1002.000241195385,37.999995873334,11.000005003700949,h0,12
5.771008645533142,16.629833333333334,901,1247,346,899,1018,119,33,974.000246381731,1006.000244254698,31.99999787296701,5.999998056691993,h0,7
12.079277108433734,16.25715447154472,901,1066,165,899,1021,122,28,963.000241325536,990.000245225253,27.000003899717058,5.999998042045036,h0,7
7.175985663082437,18.85396226415094,901,1179,278,899,1004,105,32,960.000242350704,991.000236212116,30.99999386141201,7.999992983232005,h0,9
10.614010695187169,15.199312977099236,901,1087,186,908,1038,130,34,971.000247375818,1004.000236215781,32.99998883996295,7.999993001366988,h0,9
8.609137931034482,15.779841269841272,901,1132,231,908,1033,125,32,965.00023631727,996.000243222777,31.000006905507007,7.00000205440108,h0,8
13.56013605442177,15.533023255813957,901,1047,146,908,1036,128,31,957.000243374394,987.000246239398,30.000002865004035,7.000002029714096,h0,8
11.04661111111111,16.772941176470585,901,1080,179,908,1026,118,30,956.000239332443,985.000238186539,28.99999885409602,7.000002036893989,h0,8
9.611449275362318,15.119242424242422,901,1107,206,908,1039,131,33,981.000235337032,1013.000246266237,32.00001092920502,7.000002006104978,h0,8
11.068333333333335,15.730393700787404,901,1080,179,908,1034,126,30,970.000243311243,999.000242258175,28.99999894693201,5.99999803454898,h0,7
5.71,16.029435483870966,901,1249,348,908,1031,123,43,971.000247383346,1013.000246215579,41.999998832232905,8.999997027512109,h0,10
10.604074074074074,18.63803738317757,901,1089,188,908,1014,106,27,959.0002383674,985.000238155047,25.99999978764697,7.000002043092991,h0,8
14.369424460431654,14.2873381294964,901,1039,138,908,1046,138,32,961.000246340499,992.000240234555,30.999993894056047,7.000001944828,h0,8
10.370259067357512,16.963305084745762,901,1093,192,908,1025,117,28,959.000238331591,986.000242199801,27.00000386821,5.9999980929779895,h0,7
10.589787234042552,15.290769230769232,901,1088,187,908,1037,129,24,974.000246303747,997.000247185913,23.00000088216609,4.000002971945037,h0,5
12.4189375,12.988766233766231,901,1060,159,908,1061,153,25,968.000235311496,992.00024022665,24.000004915154022,5.000007065102977,h0,6
9.796960784313724,13.074771241830064,901,1104,203,908,1060,152,22,972.000238294561,993.0002441675,21.000005872939028,4.9999940247580525,h0,6
10.978516483516485,18.43305555555556,901,1082,181,908,1015,107,30,962.000237332006,991.000236188613,28.99999885660702,7.000002059702979,h0,8
6.182142857142858,15.000526315789472,901,1222,321,908,1040,132,36,984.000247372614,1019.000244252872,34.99999688025798,7.00000198182704,h0,8
6.2915822784810125,12.238527607361965,901,1216,315,908,1070,162,47,991.000236351016,1037.000238241415,46.00000189039895,11.000004998790018,h0,12
13.35771812080537,17.754107142857144,901,1049,148,908,1019,111,25,957.000243275826,981.000235260248,23.999991984421968,5.999997996016987,h0,7
9.894950495049503,16.387377049180326,901,1102,201,908,1029,121,23,983.000243351841,1005.000240254345,21.999996902503995,5.000006937654007,h0,6
10.929398907103824,13.530608108108108,901,1083,182,908,1055,147,33,978.000236357037,1010.000247224467,32.00001086742998,6.000010967191997,h0,7
13.2976,15.341769230769229,901,1050,149,908,1037,129,26,959.000238333907,984.000247222144,25.000008888237065,5.999998059626023,h0,7
7.391074074074074,17.88955357142857,901,1170,269,908,1019,111,32,966.000240344364,997.000247207408,31.000006863044064,6.000010929943983,h0,7
7.600305343511449,15.075075757575757,901,1162,261,908,1039,131,35,979.000240322803,1013.000246236766,34.00000591396292,7.999993013742028,h0,9
10.505684210526317,17.846339285714286,901,1090,189,908,1019,111,30,957.00024330487,986.000242221325,28.99999891645507,7.000001999375968,h0,8
14.246214285714288,10.812756756756755,901,1040,139,908,1092,184,36,966.000240382122,1001.000237195103,34.99999681298095,8.999997040426933,h0,10
6.307879746835444,16.53425,901,1216,315,908,1027,119,34,975.000237370232,1008.000239212431,33.000001842199026,8.00000598588906,h0,9
8.404661016949152,17.46140350877193,901,1136,235,908,1021,113,34,968.000235368209,1001.000237228823,33.00000186061402,7.000001981642072,h0,8
9.601009615384616,14.544452554744526,901,1108,207,908,1044,136,36,978.000236348524,1013.000246258231,35.00000990970693,8.000006018276054,h0,9
7.365202952029519,15.40984496124031,901,1171,270,908,1036,128,36,968.000235351017,1003.000245248706,35.0000098976891,7.999992979327999,h0,9
11.146927374301676,14.685925925925924,901,1079,178,908,1042,134,23,971.000247376432,993.000244216497,21.999996840065023,4.000003017718996,h0,5
6.662608695652174,16.617749999999997,901,1199,298,908,1027,119,35,970.000243368424,1004.000236232993,33.99999286456898,7.999993041700009,h0,9
7.933187250996016,14.610147058823529,901,1151,250,908,1043,135,36,974.000246369415,1009.000243259673,34.99999689025799,7.000001993162982,h0,8
7.85156862745098,16.32909836065574,901,1155,254,908,1029,121,36,960.000242359411,995.000239256938,34.99999689752701,8.00000600249598,h0,9
6.670735785953178,11.797218934911244,901,1199,298,908,1076,168,64,973.000242365334,1036.000247241409,63.00000487607497,14.99999499476894,h0,16
10.30321243523316,17.112758620689654,901,1093,192,908,1023,115,32,971.000247358331,1002.000241211462,30.99999385313106,5.00000700483497,h0,6
7.152589928057554,15.765984251968504,901,1178,277,908,1034,126,34,970.00024334822,1003.000245190317,33.000001842096935,8.99999700140495,h0,10
13.534489795918368,11.340971428571429,901,1047,146,908,1082,174,36,972.000238382629,1007.000235225789,34.99999684315992,5.999997983714934,h0,7
6.403846153846154,15.63625,901,1212,311,908,1035,127,40,974.000246371595,1013.000246263523,38.99999989192793,7.999992960209965,h0,9
11.972168674698796,10.272268041237114,901,1066,165,908,1101,193,42,979.000240373215,1020.000235233803,40.999994860588,10.000000966934977,h0,11
8.820486725663716,16.50619834710744,901,1126,225,908,1028,120,40,972.000238328153,1011.000238215928,38.99999988777495,8.000006018841987,h0,9
10.056231155778894,14.544890510948903,901,1099,198,908,1044,136,34,969.000239301623,1002.000241214571,33.00000191294805,11.000005002620014,h0,12
11.058232044198895,9.516761904761903,901,1081,180,908,1117,209,33,985.000238310634,1017.000236233191,31.999997922556982,6.999989005364,h0,8
9.446682464454977,16.814285714285717,901,1111,210,908,1026,118,32,975.000237365577,1006.0002442092,31.00000684362294,7.000002011582978,h0,8
7.483533834586466,9.36785046728972,901,1166,265,908,1121,213,56,995.000239374229,1050.000238236041,54.99999886181206,12.999999993044868,h0,14
7.299377289377289,14.182624113475176,901,1173,272,908,1048,140,35,982.000239328725,1016.000245232864,34.000005904139016,6.999988989850976,h0,8
9.32570093457944,9.271953488372093,901,1114,213,908,1122,214,38,991.000236383317,1028.00024120918,37.00000482586313,8.000006031698945,h0,9
12.088353658536583,16.161138211382113,901,1064,163,908,1030,122,28,958.000247357027,985.000238188395,26.999990831367995,5.999997997605988,h0,7
8.294066390041493,16.231626016260165,901,1141,240,908,1030,122,40,966.000240325839,1005.000240261657,38.999999935818096,13.000000002009983,h0,14
5.771008645533142,16.20959349593496,901,1247,346,908,1030,122,34,981.000235380878,1014.000237194806,33.00000181392795,7.000002026180027,h0,8
12.079277108433734,16.73831932773109,901,1066,165,908,1026,118,30,965.000236331494,994.000235231862,28.99999890036804,7.000001989665975,h0,8
7.175985663082437,15.652992125984252,901,1179,278,908,1034,126,41,965.000236345391,1005.000240237907,40.00000389251591,8.999996983420033,h0,10
10.614010695187169,15.001127819548874,901,1087,186,904,1036,132,34,971.000247375103,1004.000236210512,32.999988835409,7.999992998219,h0,9
8.609137931034482,15.808333333333328,901,1132,231,904,1029,125,32,964.000245314715,995.000239239137,30.99999392442203,7.0000020656469815,h0,8
13.56013605442177,16.51107438016529,901,1047,146,904,1024,120,28,956.000239332153,983.00024321441,27.000003882257037,7.000002018550958,h0,8
11.04661111111111,13.227483443708609,901,1080,179,904,1054,150,41,954.000244353332,994.000235263675,39.99999091034295,8.999997046428007,h0,10
9.611449275362318,13.273466666666668,901,1107,206,904,1053,149,32,987.000246379255,1018.000240190161,30.99999381090595,8.00000597868302,h0,9
11.068333333333335,16.268861788617887,901,1080,179,904,1026,122,29,968.000235320389,996.00024321736,28.000007896970946,7.000001963355999,h0,8
5.71,16.445081967213113,901,1249,348,904,1025,121,39,970.000243325326,1008.000239215961,37.99999589063498,8.000006014078053,h0,9
10.604074074074074,17.9581981981982,901,1089,188,904,1014,110,28,959.000238358462,986.000242237298,27.000003878836083,7.00000205187996,h0,8
14.369424460431654,12.795961538461537,901,1039,138,904,1059,155,32,959.000238375465,990.000245190681,31.00000681521601,6.9999890124469175,h0,8
10.370259067357512,15.586640625,901,1093,192,904,1031,127,28,957.000243332776,984.000247197931,27.00000386515501,4.999994007920009,h0,6
10.589787234042552,16.06266129032258,901,1088,187,904,1027,123,25,973.000242317043,997.00024725609,24.000004939047017,5.000007019307986,h0,6
12.4189375,14.193,901,1060,159,904,1043,139,24,966.000240323467,989.000241265401,23.00000094193399,4.00000296148005,h0,5
9.796960784313724,18.156636363636363,901,1104,203,904,1013,109,26,957.000243384351,982.000239198563,24.99999581421196,5.00000688703301,h0,6
10.978516483516485,15.601889763779528,901,1082,181,904,1030,126,37,960.000242330813,996.000243222537,36.000000891724085,8.999996981313984,h0,10
6.182142857142858,19.291153846153847,901,1222,321,904,1007,103,31,965.000236378856,995.000239180249,30.000002801392952,7.000002014695951,h0,8
6.2915822784810125,9.9668,901,1216,315,904,1103,199,64,990.000245369289,1053.000237252925,62.99999188363597,14.99999500597994,h0,16
13.35771812080537,16.83403361344538,901,1049,148,904,1022,118,28,955.000235344203,982.000239201035,27.000003856831995,6.000010947975056,h0,7
9.894950495049503,18.392870370370368,901,1102,201,904,1011,107,29,970.000243383771,998.000238233075,27.999994849304016,7.000001980852971,h0,8
10.929398907103824,15.213893129770996,901,1083,182,904,1034,130,28,979.000240353298,1006.000244251362,27.00000389806405,5.999998075104941,h0,7
13.2976,15.412615384615384,901,1050,149,904,1033,129,27,956.000239386175,982.000239228198,25.99999984202293,5.00000700547298,h0,6
7.391074074074074,17.27948275862069,901,1170,269,904,1019,115,32,966.000240343552,997.000247212846,31.000006869294,6.000010944443034,h0,7
7.600305343511449,14.61220588235294,901,1162,261,904,1039,135,35,979.000240325929,1013.000246232747,34.000005906818046,7.999993004242015,h0,9
10.505684210526317,16.945299145299145,901,1090,189,904,1020,116,30,954.000244302697,983.000243226229,28.999998923532075,7.00000200885404,h0,8
14.246214285714288,11.197303370786516,901,1040,139,904,1081,177,36,966.000240363934,1001.000237250428,34.99999688649393,9.000009979094102,h0,10
6.307879746835444,18.425462962962964,901,1216,315,904,1011,107,37,963.000241358323,999.000242219228,36.00000086090495,8.999996974908981,h0,10
8.404661016949152,17.022478632478634,901,1136,235,904,1020,116,35,966.00024038347,1000.000246232018,34.00000584854797,7.000001981671062,h0,8
9.601009615384616,10.313505154639175,901,1108,207,904,1097,193,45,980.000244357224,1024.000238228428,43.99999387120408,10.000001023063987,h0,11
7.365202952029519,14.95263157894737,901,1171,270,904,1036,132,36,968.000235344883,1003.000245248261,35.000009903377986,7.999992979589024,h0,9
11.146927374301676,16.83127118644068,901,1079,178,904,1021,117,27,952.000236308155,978.000236183783,25.99999987562808,7.0000020124269895,h0,8
6.662608695652174,12.752547770700636,901,1199,298,904,1060,156,36,993.000244331752,1028.00024121038,34.99999687862794,8.00000598610302,h0,9
7.933187250996016,14.202285714285711,901,1151,250,904,1043,139,36,969.00023937995,1004.000236250644,34.99999687069396,7.999993007396029,h0,9
7.85156862745098,13.912657342657344,901,1155,254,904,1046,142,35,959.000238372403,993.000244237992,34.000005865588946,8.999996954240032,h0,10
6.670735785953178,11.577848837209302,901,1199,298,904,1075,171,64,973.000242351005,1036.000247256834,63.00000490582897,14.999994994400936,h0,16
10.30321243523316,15.91736,901,1093,192,904,1028,124,32,972.000238338495,1003.000245226262,31.00000688776697,5.000006970670938,h0,6
7.152589928057554,15.143106060606064,901,1178,277,904,1035,131,31,974.000246300952,1004.000236197591,29.999989896639025,7.000002003058057,h0,8
13.534489795918368,14.86,901,1047,146,904,1038,134,24,968.000235379575,991.000236134151,23.000000754576035,5.00000707160109,h0,6
6.403846153846154,14.60404411764706,901,1212,311,904,1039,135,39,974.000246348355,1012.000242216886,37.99999586853107,7.00000201630894,h0,8
11.972168674698796,6.663866666666667,901,1066,165,904,1203,299,44,978.000236371523,1021.000239247374,43.00000287585101,8.999997001909946,h0,10
8.820486725663716,16.13032258064516,901,1126,225,904,1027,123,40,971.000247329305,1010.000247212216,38.99999988291097,8.99999696896191,h0,10
10.056231155778894,13.881328671328667,901,1099,198,904,1046,142,35,968.000235384548,1002.000241215515,34.000005830966984,11.000005001899012,h0,12
11.058232044198895,10.496684210526317,901,1081,180,904,1093,189,34,982.000239351697,1015.000241251275,33.000001899578024,7.000002012930054,h0,8
9.446682464454977,16.456446280991734,901,1111,210,904,1024,120,31,973.000242353674,1003.000245208687,30.00000285501301,7.999992999128949,h0,9
7.483533834586466,13.5143537414966,901,1166,265,904,1050,146,32,990.000245381478,1021.000239193946,30.99999381246801,7.000001943431926,h0,8
7.299377289377289,13.424563758389263,901,1173,272,904,1052,148,44,980.000244378839,1023.000247193879,43.00000281503992,10.000001003730064,h0,11
9.32570093457944,18.88509433962264,901,1114,213,904,1009,105,26,966.000240339043,991.000236182395,24.999995843352053,5.999998018448991,h0,7
12.088353658536583,19.836,901,1064,163,904,1003,99,25,947.000242346559,971.000247245291,24.00000489873196,5.999998000924052,h0,7
8.294066390041493,16.01,901,1141,240,904,1027,123,39,965.000236317566,1003.000245227911,38.00000891034506,10.99999199527906,h0,12
5.771008645533142,16.007983870967745,901,1247,346,904,1027,123,34,979.000240352465,1012.000242206617,33.00000185415206,7.000002042093001,h0,8
12.079277108433734,18.89790476190476,901,1066,165,904,1008,104,25,958.000247318488,982.000239256798,23.999991938309904,5.000007014136941,h0,6
7.175985663082437,12.094060606060603,901,1179,278,904,1068,164,45,972.000238349575,1016.000245225367,44.000006875792,11.000005022675964,h0,12
10.614010695187169,14.633161764705884,901,1087,186,903,1038,135,34,971.000247375714,1004.000236213196,32.999988837481965,7.999993001114944,h0,9
8.609137931034482,15.680787401574802,901,1132,231,903,1029,126,32,964.000245316564,995.000239232752,30.999993916188032,7.000002061264922,h0,8
13.56013605442177,16.632083333333334,901,1047,146,903,1022,119,26,959.000238297785,984.000247229364,25.000008931579032,7.000002045254064,h0,8
11.04661111111111,13.146842105263158,901,1080,179,903,1054,151,41,954.00024435355,994.000235260965,39.999990907415054,8.999997047018041,h0,10
9.611449275362318,14.94714285714286,901,1107,206,903,1035,132,31,981.000235364003,1011.000238184261,30.000002820258032,7.99999298892601,h0,9
11.068333333333335,16.143467741935485,901,1080,179,903,1026,123,29,968.000235318988,996.000243215279,28.00000789629109,7.000001969666982,h0,8
5.71,16.56809917355372,901,1249,348,903,1023,120,35,973.000242334255,1007.000235228595,33.99999289434004,7.000001982260983,h0,8
10.604074074074074,17.96648648648648,901,1089,188,903,1013,110,28,958.000247375203,985.000238216537,26.99999084133401,7.000002047195039,h0,8
14.369424460431654,12.57607594936709,901,1039,138,903,1060,157,32,959.000238376533,990.000245182431,31.000006805897897,6.99998900279104,h0,8
10.370259067357512,14.63264705882353,901,1093,192,903,1038,135,28,957.000243339416,984.000247201284,27.00000386186798,4.99999400158697,h0,6
10.589787234042552,15.85642857142857,901,1088,187,903,1028,125,25,973.000242317127,997.000247255924,24.00000493879702,5.000007019104942,h0,6
12.4189375,14.086312056737588,901,1060,159,903,1043,140,23,966.000240321353,988.000237167894,21.99999684654108,4.000002967550927,h0,5
9.796960784313724,18.007387387387386,901,1104,203,903,1013,110,26,957.000243377013,982.000239210515,24.999995833502,5.000006904641964,h0,6
10.978516483516485,15.605078125,901,1082,181,903,1030,127,37,960.000242330272,996.000243224117,36.00000089384491,8.99999698398301,h0,10
6.182142857142858,19.05980769230769,901,1222,321,903,1006,103,31,965.00023637669,995.000239178606,30.00000280191591,7.00000201222997,h0,8
6.2915822784810125,10.142385786802029,901,1216,315,903,1099,196,64,990.000245369438,1053.000237253058,62.999991883620055,14.99999500577394,h0,16
13.35771812080537,16.687250000000002,901,1049,148,903,1022,119,28,955.000235345664,982.0002392046,27.000003858936,6.000010946503039,h0,7
9.894950495049503,18.23807339449541,901,1102,201,903,1011,108,29,970.00024334175,998.000238232854,27.99999489110405,7.00000199052397,h0,8
10.929398907103824,16.072419354838708,901,1083,182,903,1026,123,29,977.000245347991,1005.000240231152,27.99999488316098,5.999998017318944,h0,7
13.2976,15.372,901,1050,149,903,1032,129,27,956.000239381941,982.000239232262,25.999999850320933,5.000007013898994,h0,6
7.391074074074074,17.134957264957265,901,1170,269,903,1019,116,32,966.000240344103,997.000247210696,31.000006866593026,6.000010938314063,h0,7
7.600305343511449,11.26457627118644,901,1162,261,903,1079,176,43,988.000237348436,1030.000236243459,41.999998895023055,8.000006017280953,h0,9
10.505684210526317,16.937008547008546,901,1090,189,903,1019,116,30,954.000244303198,983.000243227136,28.99999892393805,7.000002007509011,h0,8
14.246214285714288,11.117430167597766,901,1040,139,903,1081,178,36,966.000240363657,1001.000237250618,34.99999688696107,9.00000997963798,h0,10
6.307879746835444,18.23862385321101,901,1216,315,903,1011,108,37,963.000241340901,999.000242216591,36.000000875690034,8.999996970290908,h0,10
8.404661016949152,16.839663865546218,901,1136,235,903,1021,118,36,965.000236376759,1000.0002462345,35.00000985774102,7.0000019879229285,h0,8
9.601009615384616,14.090212765957448,901,1108,207,903,1043,140,36,977.000245340149,1012.000242224767,34.999996884617985,7.99999299771207,h0,9
7.365202952029519,14.842611940298507,901,1171,270,903,1036,133,36,968.000235345736,1003.000245246643,35.000009900907,7.999992973625012,h0,9
11.146927374301676,17.600438596491227,901,1079,178,903,1016,113,27,953.000240283648,979.000240240451,25.99999995680298,7.000002009276955,h0,8
6.662608695652174,13.396308724832217,901,1199,298,903,1051,148,36,985.000238381247,1020.000235227182,34.999996845935016,7.999992954495951,h0,9
7.933187250996016,14.100780141843972,901,1151,250,903,1043,140,36,969.000239376801,1004.000236253993,34.99999687719196,7.999993010914977,h0,9
7.85156862745098,13.808819444444444,901,1155,254,903,1046,143,35,959.000238374583,993.00024423948,34.00000586489705,8.999996954788003,h0,10
6.670735785953178,8.612499999999999,901,1199,298,903,1134,231,62,980.000244374335,1041.000241236824,60.99999686248896,14.999995005165031,h0,16
10.30321243523316,16.602916666666665,901,1093,192,903,1022,119,32,970.000243354497,1001.000237198031,30.99999384353396,4.999993975245957,h0,6
7.152589928057554,15.013684210526316,901,1178,277,903,1035,132,31,974.000246302975,1004.000236202342,29.999989899366938,7.000002002062956,h0,8
13.534489795918368,14.69360294117647,901,1047,146,903,1038,135,24,968.000235381004,991.000236132308,23.00000075130401,5.00000706838398,h0,6
6.403846153846154,15.16659090909091,901,1212,311,903,1034,131,39,974.000246347417,1012.000242237957,37.999995890539935,8.000005953691016,h0,9
11.972168674698796,6.606158940397352,901,1066,165,903,1204,301,44,978.00023637211,1021.000239246706,43.00000287459602,8.99999700055207,h0,10
8.820486725663716,14.96406015037594,901,1126,225,903,1035,132,40,969.000239368503,1008.000239235107,38.99999986660396,8.999996977491037,h0,10
10.056231155778894,13.501632653061224,901,1099,198,903,1049,146,34,969.000239308056,1002.000241210722,33.000001902665986,11.000004999052976,h0,12
11.058232044198895,10.501851851851852,901,1081,180,903,1091,188,34,982.000239351938,1015.00024125095,33.00000189901198,7.000002013085009,h0,8
9.446682464454977,16.305819672131147,901,1111,210,903,1024,121,31,973.00024235269,1003.00024520878,30.00000285609008,7.999993001557982,h0,9
7.483533834586466,13.440805369127515,901,1166,265,903,1051,148,32,990.000245373826,1021.000239218422,30.99999384459602,7.000001995573939,h0,8
7.299377289377289,13.3074,901,1173,272,903,1052,149,45,980.000244378991,1024.000238260763,43.99999388177184,10.00000097227803,h0,11
9.32570093457944,18.187818181818184,901,1114,213,903,1012,109,26,966.000240340251,991.000236182716,24.999995842464955,5.999998018869974,h0,7
12.088353658536583,20.03373737373737,901,1064,163,903,1001,98,25,947.000242348336,971.000247239441,24.00000489110505,5.9999979907030365,h0,7
8.294066390041493,16.262049180327868,901,1141,240,903,1024,121,39,965.000236320554,1003.000245263265,38.00000894271102,10.999991997818029,h0,12
5.771008645533142,15.901440000000004,901,1247,346,903,1027,124,34,979.000240354563,1012.000242210887,33.00000185632405,7.00000205040908,h0,8
12.079277108433734,19.5178431372549,901,1066,165,903,1004,101,25,955.000235335973,979.000240217731,24.000004881757945,5.00000695260303,h0,6
7.175985663082437,13.035098039215686,901,1179,278,903,1055,152,44,975.000237371664,1018.000240264697,43.00000289303307,8.999997017089072,h0,10
